sistema de controle de vendas de imóveis
8321c - relatório de prestações recebidas - contábil
06/01/2021 16:33:37
página: 1
habitacional pinheiro imoveis ltda
01/12/2020 a 
31/12/2020
data pagamento:   
empre. bloco unidade
tipo 
pagamento
número cliente
data 
vencimento valor histórico
data 
pagamento
valor 
recebido
correção
juros 
compensatór
valor da 
mora
prorata
multa
acréscim desconto
nosso 
número
000001
096
20/12/2020
000005
adélio da silva
000003
808,10
824,80
23/12/2020
0,00
0,00
16,70
0,00
0,00
0,00
0,00
mensal
091238
000001
097
10/12/2020
000018
admilson mariano felix
000119
760,68
1.001,60
11/12/2020
240,92
0,00
0,00
0,00
0,00
0,00
0,00
mensal
078272
000001
113
20/12/2020
000024
alexsandro galdino de 
000132
692,95
1.219,91
15/12/2020
526,96
0,00
0,00
0,00
0,00
0,00
0,00
mensal
033357
000001
104
10/12/2020
000018
alexsandro vinicio 
000011
1.500,00
2.626,74
22/12/2020
1.126,74
0,00
0,00
0,00
0,00
0,00
0,00
anual
043606
000001
104
10/12/2020
000018
alexsandro vinicio 
000136
568,67
1.035,11
09/12/2020
466,44
0,00
0,00
0,00
0,00
0,00
0,00
mensal
013705
000001
099
15/12/2020
000014
aline carla de oliveira 
000011
1.500,00
2.626,74
14/12/2020
1.126,74
0,00
0,00
0,00
0,00
0,00
0,00
anual
044392
000001
099
15/12/2020
000014
aline carla de oliveira 
000136
583,84
1.062,73
04/12/2020
478,89
0,00
0,00
0,00
0,00
0,00
0,00
mensal
013900
000001
099
10/05/2020
000001
altino carlos tavares 
000112
969,93
1.756,00
07/12/2020
645,53
0,00
140,54
0,00
0,00
0,00
0,00
mensal
050996
000001
106
10/12/2020
000012
amilton  carlos pinheiro 
000111
1.001,48
1.628,14
11/12/2020
626,66
0,00
0,00
0,00
0,00
0,00
0,00
mensal
063894
000001
106
10/12/2020
000013
amilton  carlos pinheiro 
000111
798,74
1.298,54
11/12/2020
499,80
0,00
0,00
0,00
0,00
0,00
0,00
mensal
063713
000001
110
15/11/2020
000038
anderson tiago dos reis
000091
1.009,07
1.513,85
16/12/2020
460,68
0,00
44,10
0,00
0,00
0,00
0,00
mensal
072302
000001
097
10/12/2020
000011
andraci carvalho dos 
000110
627,95
1.025,15
11/12/2020
397,20
0,00
0,00
0,00
0,00
0,00
0,00
mensal
064857
000001
110
05/01/2021
000041
andre valoto oliveira
000057
1.210,89
1.399,64
15/12/2020
188,75
0,00
0,00
0,00
0,00
0,00
0,00
mensal
080725
000001
103
20/12/2020
000019
araujo gouveia 
000004
945,00
965,18
28/12/2020
0,00
0,00
20,18
0,00
0,00
0,00
0,00
mensal 02
091784
000001
107
05/12/2020
000011
ari pinto
000124
686,20
1.193,77
02/12/2020
507,57
0,00
0,00
0,00
0,00
0,00
0,00
mensal
042287
000001
102
20/12/2020
000021
cafe com design 
000011
1.500,00
2.626,74
22/12/2020
1.126,74
0,00
0,00
0,00
0,00
0,00
0,00
anual
044448
000001
102
20/12/2020
000021
cafe com design 
000136
724,62
1.318,98
21/12/2020
594,36
0,00
0,00
0,00
0,00
0,00
0,00
mensal
017716
000001
107
10/12/2020
000002
carlos andre gomes
000050
800,85
915,14
08/12/2020
114,29
0,00
0,00
0,00
0,00
0,00
0,00
mensal
082562
000001
103
11/12/2020
000008
catarina angela de fatima
000135
686,20
1.252,54
10/12/2020
566,34
0,00
0,00
0,00
0,00
0,00
0,00
mensal
020808
000001
109
10/12/2020
000002
celso gomes da fonseca
000002
963,79
963,79
07/12/2020
0,00
0,00
0,00
0,00
0,00
0,00
0,00
mensal
092899
000001
107
17/12/2020
000008
charles sá onofri
000009
815,52
815,52
15/12/2020
0,00
0,00
0,00
0,00
0,00
0,00
0,00
mensal
087873
000001
103
15/12/2020
000005
christodato cristino 
000136
568,67
1.035,11
15/12/2020
466,44
0,00
0,00
0,00
0,00
0,00
0,00
mensal
015167
000001
100
10/12/2020
000019
claudio rodrigues garcia
000011
1.500,00
2.626,74
11/12/2020
1.126,74
0,00
0,00
0,00
0,00
0,00
0,00
anual
045798
000001
100
20/12/2020
000019
claudio rodrigues garcia
000137
388,26
705,25
11/12/2020
316,99
0,00
0,00
0,00
0,00
0,00
0,00
mensal
005290
000001
097
07/12/2020
000001
claudionor freitas 
000115
472,56
769,10
08/12/2020
296,54
0,00
0,00
0,00
0,00
0,00
0,00
mensal
058895
000001
097
20/12/2020
000001
claudionor freitas 
000010
1.500,00
2.462,71
22/12/2020
962,71
0,00
0,00
0,00
0,00
0,00
0,00
anual
058970
000001
112
05/12/2020
000015
cleuber honorato de 
000136
443,90
808,00
04/12/2020
364,10
0,00
0,00
0,00
0,00
0,00
0,00
mensal
012333
000001
112
10/12/2020
000015
cleuber honorato de 
000011
1.500,00
2.626,74
04/12/2020
1.126,74
0,00
0,00
0,00
0,00
0,00
0,00
anual
043690
000001
116
10/12/2020
000007
crislei soares de 
000011
1.500,00
2.626,74
09/12/2020
1.126,74
0,00
0,00
0,00
0,00
0,00
0,00
anual
043592
sistema de controle de vendas de imóveis
8321c - relatório de prestações recebidas - contábil
06/01/2021 16:33:37
página: 2
habitacional pinheiro imoveis ltda
empre. bloco unidade
tipo 
pagamento
número cliente
data 
vencimento valor histórico
data 
pagamento
valor 
recebido
correção
juros 
compensatór
valor da 
mora
prorata
multa
acréscim desconto
nosso 
número
000001
116
10/12/2020
000007
crislei soares de 
000136
577,10
1.050,46
09/12/2020
473,36
0,00
0,00
0,00
0,00
0,00
0,00
mensal
012530
000001
103
21/12/2020
000007
damores martins de assis 
000136
686,20
1.249,05
18/12/2020
562,85
0,00
0,00
0,00
0,00
0,00
0,00
mensal
016779
000001
106
10/12/2020
000008
darlinton da silva lage
000043
800,85
884,53
08/12/2020
83,68
0,00
0,00
0,00
0,00
0,00
0,00
mensal
084569
000001
111
30/11/2020
000020
demer stenio da silva braz
000005
889,66
889,66
01/12/2020
0,00
0,00
0,00
0,00
0,00
0,00
0,00
mensal
089533
000001
111
30/12/2020
000020
demer stenio da silva braz
000006
889,66
889,66
31/12/2020
0,00
0,00
0,00
0,00
0,00
0,00
0,00
mensal
089534
000001
093
10/12/2020
000001
deyvison ferreira da silva
000009
645,00
645,00
10/12/2020
0,00
0,00
0,00
0,00
0,00
0,00
0,00
mensal
087329
000001
099
10/08/2020
000004
diogo ferreira chagas
000117
523,14
924,00
16/12/2020
347,06
0,00
53,80
0,00
0,00
0,00
0,00
mensal
047476
000001
112
10/06/2020
000012
ednilton de oliveira
000045
1.009,07
1.194,00
07/12/2020
96,42
0,00
88,51
0,00
0,00
0,00
0,00
mensal
082376
000001
112
10/07/2020
000012
ednilton de oliveira
000046
1.009,07
1.183,00
07/12/2020
96,42
0,00
77,51
0,00
0,00
0,00
0,00
mensal
082377
000001
116
10/12/2020
000008
edriano alves da silva
000136
577,10
1.050,46
01/12/2020
473,36
0,00
0,00
0,00
0,00
0,00
0,00
mensal
012725
000001
107
15/12/2020
000015
eduardo araujo rezende
000135
686,20
1.252,54
16/12/2020
566,34
0,00
0,00
0,00
0,00
0,00
0,00
mensal
021902
000001
109
10/12/2020
000010
eliane francisco de 
000106
792,42
1.240,20
11/12/2020
447,78
0,00
0,00
0,00
0,00
0,00
0,00
mensal
066885
000001
116
25/12/2020
000020
elimar de souza jorge
000003
926,73
926,73
29/12/2020
0,00
0,00
0,00
0,00
0,00
0,00
0,00
mensal
091994
000001
100
15/12/2020
000018
elismar vitorino da silva
000119
599,07
997,78
15/12/2020
398,71
0,00
0,00
0,00
0,00
0,00
0,00
mensal
057614
000001
107
10/12/2020
000018
elizabeth aparecida do 
000040
691,26
765,09
11/12/2020
73,83
0,00
0,00
0,00
0,00
0,00
0,00
mensal
085296
000001
097
17/12/2020
000002
elton rosa da silva
000110
726,08
1.185,35
18/12/2020
459,27
0,00
0,00
0,00
0,00
0,00
0,00
mensal
064495
000001
098
15/01/2021
000008
emerson de oliveira 
000003
889,66
889,66
15/12/2020
0,00
0,00
0,00
0,00
0,00
0,00
0,00
mensal
092719
000001
098
15/07/2035
000008
emerson de oliveira 
000177
889,66
639,00
07/12/2020
7,92
0,00
0,00
0,00
0,00
0,00
258,58
mensal
092893
000001
098
15/08/2035
000008
emerson de oliveira 
000178
889,66
639,00
07/12/2020
7,92
0,00
0,00
0,00
0,00
0,00
258,58
mensal
092894
000001
112
07/12/2020
000016
enilza de cassia neres de 
000011
1.500,00
2.626,74
07/12/2020
1.126,74
0,00
0,00
0,00
0,00
0,00
0,00
anual
045733
000001
112
07/12/2020
000016
enilza de cassia neres de 
000132
564,45
993,69
07/12/2020
429,24
0,00
0,00
0,00
0,00
0,00
0,00
mensal
033539
000001
113
10/12/2020
000027
erli canedo da silva
000011
1.500,00
2.626,74
11/12/2020
1.126,74
0,00
0,00
0,00
0,00
0,00
0,00
anual
045952
000001
113
10/12/2020
000027
erli canedo da silva
000135
575,41
1.050,31
11/12/2020
474,90
0,00
0,00
0,00
0,00
0,00
0,00
mensal
024081
000001
106
25/12/2020
000020
ernando pereira da silva
000075
1.054,50
1.440,12
22/12/2020
385,62
0,00
0,00
0,00
0,00
0,00
0,00
mensal
077266
000001
105
10/12/2020
000006
erson vander carvalho 
000011
1.500,00
2.626,74
09/12/2020
1.126,74
0,00
0,00
0,00
0,00
0,00
0,00
anual
045840
000001
105
10/12/2020
000006
erson vander carvalho 
000135
515,42
940,81
08/12/2020
425,39
0,00
0,00
0,00
0,00
0,00
0,00
mensal
022865
000001
114
10/12/2020
000014
eustaquio rosa do 
000011
1.500,00
2.626,74
07/12/2020
1.126,74
0,00
0,00
0,00
0,00
0,00
0,00
anual
045966
000001
114
10/12/2020
000014
eustaquio rosa do 
000134
459,08
843,91
07/12/2020
384,83
0,00
0,00
0,00
0,00
0,00
0,00
mensal
025303
000001
099
12/12/2020
000005
everaldo da silva pinto
000120
667,66
1.133,97
31/12/2020
437,55
0,00
28,76
0,00
0,00
0,00
0,00
mensal
053508
000001
107
28/12/2020
000012
expedito moreira gomes
000132
686,20
1.208,02
14/12/2020
521,82
0,00
0,00
0,00
0,00
0,00
0,00
mensal
034565
000001
106
05/12/2020
000010
fabiana coelho sampaio
000005
1.186,21
1.186,21
01/12/2020
0,00
0,00
0,00
0,00
0,00
0,00
0,00
mensal
089884
000001
109
20/08/2020
000004
fernanda cristina de 
000048
977,04
1.097,00
30/12/2020
95,39
0,00
24,57
0,00
0,00
0,00
0,00
mensal
081650
sistema de controle de vendas de imóveis
8321c - relatório de prestações recebidas - contábil
06/01/2021 16:33:37
página: 3
habitacional pinheiro imoveis ltda
empre. bloco unidade
tipo 
pagamento
número cliente
data 
vencimento valor histórico
data 
pagamento
valor 
recebido
correção
juros 
compensatór
valor da 
mora
prorata
multa
acréscim desconto
nosso 
número
000001
109
20/11/2020
000004
fernanda cristina de 
000051
977,04
1.143,00
30/12/2020
130,14
0,00
35,82
0,00
0,00
0,00
0,00
mensal
081653
000001
117
25/12/2020
000014
frederico elias lage
000002
963,79
963,79
29/12/2020
0,00
0,00
0,00
0,00
0,00
0,00
0,00
mensal
092356
000004
026
05/07/2008
000009
geralda valadares de 
000016
147,50
250,00
07/12/2020
12,77
0,00
89,73
0,00
0,00
0,00
0,00
mensal
023717
000004
030
05/07/2008
000042
geralda valadares de 
000016
102,50
250,00
07/12/2020
8,88
0,00
138,62
0,00
0,00
0,00
0,00
mensal
023935
000001
103
15/11/2020
000023
geraldo osvaldo gomes
000082
961,02
1.350,00
18/12/2020
383,18
0,00
5,80
0,00
0,00
0,00
0,00
mensal
073996
000001
097
12/12/2020
000012
geremias gonçalves 
000008
704,31
704,31
11/12/2020
0,00
0,00
0,00
0,00
0,00
0,00
0,00
mensal
088053
000002
001
15/12/2020
000013
gildete aparecida de 
000142
336,67
693,85
17/12/2020
356,95
0,00
0,23
0,00
0,00
0,00
0,00
mensal
003772
000004
001
15/12/2020
000012
gildete aparecida de 
000142
294,00
605,91
17/12/2020
311,71
0,00
0,20
0,00
0,00
0,00
0,00
mensal
003592
000001
111
05/12/2020
000016
greisiele renata de 
000007
778,45
778,45
08/12/2020
0,00
0,00
0,00
0,00
0,00
0,00
0,00
mensal
088776
000004
027
25/12/2020
000020
helio claudio silva
000152
1.208,33
2.715,38
29/12/2020
1.507,05
0,00
0,00
0,00
0,00
0,00
0,00
mensal
000801
000001
100
30/11/2020
000007
hely de paiva inacio
000069
1.081,15
1.405,47
01/12/2020
324,32
0,00
0,00
0,00
0,00
0,00
0,00
mensal
077908
000001
100
30/12/2020
000007
hely de paiva inacio
000070
1.081,15
1.405,47
24/12/2020
324,32
0,00
0,00
0,00
0,00
0,00
0,00
mensal
077909
000001
111
15/12/2020
000007
irene da cruz
000040
1.207,18
1.336,11
08/12/2020
128,93
0,00
0,00
0,00
0,00
0,00
0,00
mensal
084934
000001
107
10/12/2020
000006
izaque alves rosa
000004
815,52
815,79
14/12/2020
0,00
0,00
0,27
0,00
0,00
0,00
0,00
mensal
090676
000001
116
10/12/2020
000012
jamil da silva tomaz
000097
840,89
1.302,59
08/12/2020
461,70
0,00
0,00
0,00
0,00
0,00
0,00
mensal
070316
000001
110
10/11/2020
000034
jessica pereira de souza
000059
715,16
871,91
22/12/2020
128,40
0,00
28,35
0,00
0,00
0,00
0,00
mensal
079933
000001
103
10/12/2020
000018
joao batista justino
000118
714,36
1.180,96
08/12/2020
466,60
0,00
0,00
0,00
0,00
0,00
0,00
mensal
084296
000001
116
20/12/2020
000010
joao de souza lacerda
000093
781,46
1.143,00
22/12/2020
361,54
0,00
0,00
0,00
0,00
0,00
0,00
mensal
071931
000001
106
15/12/2020
000015
joao henrique fialho de 
000054
590,10
671,17
16/12/2020
81,07
0,00
0,00
0,00
0,00
0,00
0,00
mensal
081265
000001
096
15/12/2020
000008
jose antonio silveira
000001
704,31
704,31
15/12/2020
0,00
0,00
0,00
0,00
0,00
0,00
0,00
mensal
092536
000001
097
10/12/2020
000013
jose bonfim do carmo
000118
510,42
843,81
09/12/2020
333,39
0,00
0,00
0,00
0,00
0,00
0,00
mensal
082858
000001
097
15/12/2020
000013
jose bonfim do carmo
000010
1.500,00
2.464,00
09/12/2020
962,71
0,00
1,29
0,00
0,00
0,00
0,00
anual
082925
000001
112
10/12/2020
000010
jose carlos jacques
000133
692,95
1.282,09
11/12/2020
589,14
0,00
0,00
0,00
0,00
0,00
0,00
mensal
030393
000001
097
08/12/2020
000010
jose geraldo de amorim
000058
800,85
935,31
01/12/2020
134,46
0,00
0,00
0,00
0,00
0,00
0,00
mensal
080296
000001
097
08/01/2021
000010
jose geraldo de amorim
000059
800,85
935,31
31/12/2020
134,46
0,00
0,00
0,00
0,00
0,00
0,00
mensal
080297
000001
115
25/12/2020
000005
jose geraldo nunes
000005
1.275,17
1.275,17
29/12/2020
0,00
0,00
0,00
0,00
0,00
0,00
0,00
mensal
090254
000001
111
10/12/2020
000034
jose lucio da silva
000060
880,94
1.039,11
07/12/2020
158,17
0,00
0,00
0,00
0,00
0,00
0,00
mensal
079743
000001
102
05/12/2020
000006
jucelio  antonio da silva
000011
1.500,00
2.626,74
08/12/2020
1.126,74
0,00
0,00
0,00
0,00
0,00
0,00
anual
043718
000001
102
05/12/2020
000006
jucelio  antonio da silva
000136
724,62
1.318,98
08/12/2020
594,36
0,00
0,00
0,00
0,00
0,00
0,00
mensal
016283
000001
103
30/11/2020
000020
juscelino pinho de araujo
000003
1.075,00
1.075,00
01/12/2020
0,00
0,00
0,00
0,00
0,00
0,00
0,00
mensal 02
091856
000001
112
15/12/2020
000002
karina neves pereira
000054
880,94
1.001,96
11/12/2020
121,02
0,00
0,00
0,00
0,00
0,00
0,00
mensal
081084
000001
095
20/12/2020
000001
lilian sampaio ramos alves
000129
600,00
1.053,73
18/12/2020
453,73
0,00
0,00
0,00
0,00
0,00
0,00
mensal
038445
sistema de controle de vendas de imóveis
8321c - relatório de prestações recebidas - contábil
06/01/2021 16:33:38
página: 4
habitacional pinheiro imoveis ltda
empre. bloco unidade
tipo 
pagamento
número cliente
data 
vencimento valor histórico
data 
pagamento
valor 
recebido
correção
juros 
compensatór
valor da 
mora
prorata
multa
acréscim desconto
nosso 
número
000001
110
20/12/2020
000030
luciana rosa do 
000133
692,95
1.282,09
22/12/2020
589,14
0,00
0,00
0,00
0,00
0,00
0,00
mensal
030855
000001
110
20/12/2020
000031
luciana rosa do 
000133
692,95
1.282,09
22/12/2020
589,14
0,00
0,00
0,00
0,00
0,00
0,00
mensal
031037
000001
110
20/12/2020
000032
luciana rosa do 
000133
692,95
1.282,09
22/12/2020
589,14
0,00
0,00
0,00
0,00
0,00
0,00
mensal
031219
000001
102
05/12/2020
000009
luciene maria vial
000135
842,16
1.537,22
08/12/2020
695,06
0,00
0,00
0,00
0,00
0,00
0,00
mensal
019910
000001
097
16/12/2020
000017
lucineia maria pereira
000113
515,62
835,09
11/12/2020
319,47
0,00
0,00
0,00
0,00
0,00
0,00
mensal
061960
000001
097
16/11/2023
000017
lucineia maria pereira
000148
515,62
564,00
21/12/2020
349,18
0,00
0,00
0,00
0,00
0,00
300,80
mensal
061995
000001
097
16/12/2023
000017
lucineia maria pereira
000149
515,62
564,00
03/12/2020
341,04
0,00
0,00
0,00
0,00
0,00
292,66
mensal
061996
000001
095
20/11/2020
000007
luiz antonio candido
000030
600,60
665,68
03/12/2020
49,44
0,00
15,64
0,00
0,00
0,00
0,00
mensal 02
085871
000001
106
17/12/2020
000007
luiz borges junior
000043
800,85
884,53
18/12/2020
83,68
0,00
0,00
0,00
0,00
0,00
0,00
mensal
084378
000001
112
18/12/2020
000006
luiz coelho de oliveira
000072
880,94
1.153,07
21/12/2020
272,13
0,00
0,00
0,00
0,00
0,00
0,00
mensal
077543
000001
107
10/12/2020
000017
manoel duarte rosa
000007
778,58
778,58
11/12/2020
0,00
0,00
0,00
0,00
0,00
0,00
0,00
mensal 02
089140
000001
112
05/12/2020
000003
maria aparecida do 
000053
880,94
1.000,27
08/12/2020
119,33
0,00
0,00
0,00
0,00
0,00
0,00
mensal
081445
000001
094
28/06/2020
000007
marilei tolentino vieira
000075
1.185,28
1.765,00
15/12/2020
457,64
0,00
122,08
0,00
0,00
0,00
0,00
mensal
076176
000001
116
15/12/2020
000017
marinalva martins
000124
1.112,26
1.112,26
14/12/2020
0,00
0,00
0,00
0,00
0,00
0,00
0,00
mensal
090434
000001
106
20/12/2020
000009
mario gomes de sousa
000065
800,85
995,65
02/12/2020
194,80
0,00
0,00
0,00
0,00
0,00
0,00
mensal
078767
000001
106
20/01/2021
000009
mario gomes de sousa
000066
800,85
995,65
31/12/2020
194,80
0,00
0,00
0,00
0,00
0,00
0,00
mensal
078768
000001
114
11/12/2020
000013
nelio alves dos santos
000134
596,01
1.044,02
07/12/2020
448,01
0,00
0,00
0,00
0,00
0,00
0,00
mensal
047312
000001
107
17/11/2020
000019
nelson francisco vaz
000133
686,20
1.292,11
01/12/2020
575,22
0,00
30,69
0,00
0,00
0,00
0,00
mensal
028432
000001
107
17/12/2020
000019
nelson francisco vaz
000134
686,20
1.289,17
24/12/2020
575,22
0,00
27,75
0,00
0,00
0,00
0,00
mensal
028433
000001
112
15/12/2020
000005
nerildo martins de 
000004
926,73
926,73
16/12/2020
0,00
0,00
0,00
0,00
0,00
0,00
0,00
mensal
090888
000001
111
10/05/2019
000008
nilton cesar aparecido 
000057
1.210,89
1.800,00
07/12/2020
335,18
0,00
253,93
0,00
0,00
0,00
0,00
mensal
077067
000001
104
24/12/2020
000002
norton ferreira barbosa
000134
583,36
1.072,37
22/12/2020
489,01
0,00
0,00
0,00
0,00
0,00
0,00
mensal
029720
000001
104
24/01/2021
000002
norton ferreira barbosa
000135
583,36
500,00
28/12/2020
489,01
0,00
0,00
0,00
0,00
0,00
572,37
mensal
029721
000001
104
24/02/2021
000002
norton ferreira barbosa
000136
583,36
500,00
28/12/2020
489,01
0,00
0,00
0,00
0,00
0,00
572,37
mensal
029722
000001
104
24/03/2021
000002
norton ferreira barbosa
000137
583,36
500,00
28/12/2020
489,01
0,00
0,00
0,00
0,00
0,00
572,37
mensal
029723
000001
104
24/04/2021
000002
norton ferreira barbosa
000138
583,36
500,00
28/12/2020
489,01
0,00
0,00
0,00
0,00
0,00
572,37
mensal
029724
000001
104
24/05/2021
000002
norton ferreira barbosa
000139
583,36
609,75
23/12/2020
489,01
0,00
0,00
0,00
0,00
0,00
462,62
mensal
029725
000001
104
24/06/2021
000002
norton ferreira barbosa
000140
583,36
609,75
23/12/2020
489,01
0,00
0,00
0,00
0,00
0,00
462,62
mensal
029726
000001
104
24/07/2021
000002
norton ferreira barbosa
000141
583,36
609,75
23/12/2020
489,01
0,00
0,00
0,00
0,00
0,00
462,62
mensal
029727
000001
104
24/08/2021
000002
norton ferreira barbosa
000142
583,36
609,75
23/12/2020
489,01
0,00
0,00
0,00
0,00
0,00
462,62
mensal
029728
000001
104
24/09/2021
000002
norton ferreira barbosa
000143
583,36
609,75
23/12/2020
489,01
0,00
0,00
0,00
0,00
0,00
462,62
mensal
029729
000001
104
24/10/2021
000002
norton ferreira barbosa
000144
583,36
609,75
23/12/2020
489,01
0,00
0,00
0,00
0,00
0,00
462,62
mensal
029730
sistema de controle de vendas de imóveis
8321c - relatório de prestações recebidas - contábil
06/01/2021 16:33:38
página: 5
habitacional pinheiro imoveis ltda
empre. bloco unidade
tipo 
pagamento
número cliente
data 
vencimento valor histórico
data 
pagamento
valor 
recebido
correção
juros 
compensatór
valor da 
mora
prorata
multa
acréscim desconto
nosso 
número
000001
104
24/11/2021
000002
norton ferreira barbosa
000145
583,36
609,75
23/12/2020
508,84
0,00
0,00
0,00
0,00
0,00
482,45
mensal
029731
000001
104
24/12/2021
000002
norton ferreira barbosa
000146
583,36
609,75
23/12/2020
508,84
0,00
0,00
0,00
0,00
0,00
482,45
mensal
029732
000001
104
24/01/2022
000002
norton ferreira barbosa
000147
583,36
609,75
23/12/2020
508,84
0,00
0,00
0,00
0,00
0,00
482,45
mensal
029733
000001
104
24/02/2022
000002
norton ferreira barbosa
000148
583,36
609,75
23/12/2020
508,84
0,00
0,00
0,00
0,00
0,00
482,45
mensal
029734
000001
104
24/03/2022
000002
norton ferreira barbosa
000149
583,36
609,75
23/12/2020
508,84
0,00
0,00
0,00
0,00
0,00
482,45
mensal
029735
000001
104
24/04/2022
000002
norton ferreira barbosa
000150
583,36
609,75
23/12/2020
508,84
0,00
0,00
0,00
0,00
0,00
482,45
mensal
029736
000001
104
24/05/2022
000002
norton ferreira barbosa
000151
583,36
609,75
23/12/2020
508,84
0,00
0,00
0,00
0,00
0,00
482,45
mensal
029737
000001
104
24/06/2022
000002
norton ferreira barbosa
000152
583,36
609,75
23/12/2020
508,84
0,00
0,00
0,00
0,00
0,00
482,45
mensal
029738
000001
104
24/07/2022
000002
norton ferreira barbosa
000153
583,36
609,75
23/12/2020
508,84
0,00
0,00
0,00
0,00
0,00
482,45
mensal
029739
000001
104
24/08/2022
000002
norton ferreira barbosa
000154
583,36
609,75
23/12/2020
508,84
0,00
0,00
0,00
0,00
0,00
482,45
mensal
029740
000001
104
24/09/2022
000002
norton ferreira barbosa
000155
583,36
609,75
23/12/2020
508,84
0,00
0,00
0,00
0,00
0,00
482,45
mensal
029741
000001
104
24/10/2022
000002
norton ferreira barbosa
000156
583,36
609,75
23/12/2020
508,84
0,00
0,00
0,00
0,00
0,00
482,45
mensal
029742
000001
104
24/11/2022
000002
norton ferreira barbosa
000157
583,36
609,75
23/12/2020
508,84
0,00
0,00
0,00
0,00
0,00
482,45
mensal
029743
000001
104
24/12/2022
000002
norton ferreira barbosa
000158
583,36
609,75
23/12/2020
508,84
0,00
0,00
0,00
0,00
0,00
482,45
mensal
029744
000001
104
24/01/2023
000002
norton ferreira barbosa
000159
583,36
609,75
23/12/2020
508,84
0,00
0,00
0,00
0,00
0,00
482,45
mensal
029745
000001
104
24/02/2023
000002
norton ferreira barbosa
000160
583,36
609,75
23/12/2020
508,84
0,00
0,00
0,00
0,00
0,00
482,45
mensal
029746
000001
104
24/03/2023
000002
norton ferreira barbosa
000161
583,36
609,75
23/12/2020
508,84
0,00
0,00
0,00
0,00
0,00
482,45
mensal
029747
000001
104
24/04/2023
000002
norton ferreira barbosa
000162
583,36
609,75
23/12/2020
508,84
0,00
0,00
0,00
0,00
0,00
482,45
mensal
029748
000001
104
24/05/2023
000002
norton ferreira barbosa
000163
583,36
609,75
23/12/2020
508,84
0,00
0,00
0,00
0,00
0,00
482,45
mensal
029749
000001
104
24/06/2023
000002
norton ferreira barbosa
000164
583,36
609,75
23/12/2020
508,84
0,00
0,00
0,00
0,00
0,00
482,45
mensal
029750
000001
104
24/07/2023
000002
norton ferreira barbosa
000165
583,36
609,75
23/12/2020
508,84
0,00
0,00
0,00
0,00
0,00
482,45
mensal
029751
000001
104
24/08/2023
000002
norton ferreira barbosa
000166
583,36
609,75
23/12/2020
508,84
0,00
0,00
0,00
0,00
0,00
482,45
mensal
029752
000001
104
24/09/2023
000002
norton ferreira barbosa
000167
583,36
609,75
23/12/2020
508,84
0,00
0,00
0,00
0,00
0,00
482,45
mensal
029753
000001
104
24/10/2023
000002
norton ferreira barbosa
000168
583,36
609,75
23/12/2020
508,84
0,00
0,00
0,00
0,00
0,00
482,45
mensal
029754
000001
104
24/11/2023
000002
norton ferreira barbosa
000169
583,36
609,75
23/12/2020
508,84
0,00
0,00
0,00
0,00
0,00
482,45
mensal
029755
000001
104
24/12/2023
000002
norton ferreira barbosa
000170
583,36
609,75
23/12/2020
508,84
0,00
0,00
0,00
0,00
0,00
482,45
mensal
029756
000001
104
24/01/2024
000002
norton ferreira barbosa
000171
583,36
609,75
23/12/2020
508,84
0,00
0,00
0,00
0,00
0,00
482,45
mensal
029757
000001
104
24/02/2024
000002
norton ferreira barbosa
000172
583,36
609,75
23/12/2020
508,84
0,00
0,00
0,00
0,00
0,00
482,45
mensal
029758
000001
104
24/03/2024
000002
norton ferreira barbosa
000173
583,36
609,75
23/12/2020
508,84
0,00
0,00
0,00
0,00
0,00
482,45
mensal
029759
000001
104
24/04/2024
000002
norton ferreira barbosa
000174
583,36
609,75
23/12/2020
508,84
0,00
0,00
0,00
0,00
0,00
482,45
mensal
029760
000001
104
24/05/2024
000002
norton ferreira barbosa
000175
583,36
609,75
23/12/2020
508,84
0,00
0,00
0,00
0,00
0,00
482,45
mensal
029761
000001
104
24/06/2024
000002
norton ferreira barbosa
000176
583,36
609,75
23/12/2020
508,84
0,00
0,00
0,00
0,00
0,00
482,45
mensal
029762
sistema de controle de vendas de imóveis
8321c - relatório de prestações recebidas - contábil
06/01/2021 16:33:38
página: 6
habitacional pinheiro imoveis ltda
empre. bloco unidade
tipo 
pagamento
número cliente
data 
vencimento valor histórico
data 
pagamento
valor 
recebido
correção
juros 
compensatór
valor da 
mora
prorata
multa
acréscim desconto
nosso 
número
000001
104
24/07/2024
000002
norton ferreira barbosa
000177
583,36
609,75
23/12/2020
508,84
0,00
0,00
0,00
0,00
0,00
482,45
mensal
029763
000001
104
24/08/2024
000002
norton ferreira barbosa
000178
583,36
609,75
23/12/2020
508,84
0,00
0,00
0,00
0,00
0,00
482,45
mensal
029764
000001
104
24/09/2024
000002
norton ferreira barbosa
000179
583,36
610,00
23/12/2020
508,84
0,00
0,00
0,00
0,00
0,00
482,20
mensal
029765
000001
112
11/12/2020
000007
orestes jose grigorio
000134
692,95
1.273,83
14/12/2020
580,88
0,00
0,00
0,00
0,00
0,00
0,00
mensal
027789
000001
111
15/12/2020
000028
pedro henrique 
000007
889,66
889,66
16/12/2020
0,00
0,00
0,00
0,00
0,00
0,00
0,00
mensal
088414
000001
106
01/12/2020
000016
pericles ramos teixeira
000006
852,59
852,87
03/12/2020
0,00
0,00
0,28
0,00
0,00
0,00
0,00
mensal
089353
000001
106
01/01/2021
000016
pericles ramos teixeira
000007
852,59
852,59
30/12/2020
0,00
0,00
0,00
0,00
0,00
0,00
0,00
mensal
089354
000001
116
10/12/2020
000024
rafael de oliveira silva
000008
926,73
926,73
11/12/2020
0,00
0,00
0,00
0,00
0,00
0,00
0,00
mensal
088234
000001
106
10/12/2020
000014
rede criativa de 
000111
798,74
1.298,54
11/12/2020
499,80
0,00
0,00
0,00
0,00
0,00
0,00
mensal
068865
000001
104
10/12/2020
000010
reginaldo mendes da silva
000009
926,73
950,84
29/12/2020
0,00
0,00
24,11
0,00
0,00
0,00
0,00
mensal
086967
000001
105
05/12/2020
000004
renato santi
000092
758,70
1.105,08
08/12/2020
346,38
0,00
0,00
0,00
0,00
0,00
0,00
mensal
071744
000001
106
15/11/2020
000006
romenic dias
000102
798,74
1.276,51
16/12/2020
440,68
0,00
37,09
0,00
0,00
0,00
0,00
mensal
069037
000001
106
15/12/2020
000006
romenic dias
000103
798,74
1.269,54
29/12/2020
440,68
0,00
30,12
0,00
0,00
0,00
0,00
mensal
069038
000001
096
12/12/2020
000009
salatiel ferreira matias
000003
704,31
704,31
09/12/2020
0,00
0,00
0,00
0,00
0,00
0,00
0,00
mensal
091603
000001
117
10/12/2020
000016
sandrianny gabriely 
000002
963,79
963,79
03/12/2020
0,00
0,00
0,00
0,00
0,00
0,00
0,00
mensal
093082
000001
111
10/12/2020
000015
sidnei lucas de miranda
000096
665,97
1.006,14
31/12/2020
313,97
0,00
26,20
0,00
0,00
0,00
0,00
mensal
071187
000001
117
10/12/2019
000015
simone valentim da silva
000013
2.400,00
2.750,00
30/12/2020
0,00
0,00
350,00
0,00
0,00
0,00
0,00
mensal 02
086124
000001
116
10/12/2020
000021
sinesio da silva bina
000083
961,02
1.344,20
11/12/2020
383,18
0,00
0,00
0,00
0,00
0,00
0,00
mensal
074178
000001
104
10/12/2020
000011
uanderson mateus 
000010
926,73
926,73
08/12/2020
0,00
0,00
0,00
0,00
0,00
0,00
0,00
mensal
086509
000001
103
10/12/2020
000010
ubirajara carlos de 
000011
1.500,00
2.626,74
08/12/2020
1.126,74
0,00
0,00
0,00
0,00
0,00
0,00
anual
043676
000001
103
10/12/2020
000010
ubirajara carlos de 
000136
568,67
1.035,11
08/12/2020
466,44
0,00
0,00
0,00
0,00
0,00
0,00
mensal
015906
000001
100
13/12/2020
000006
valdemar da silva
000118
769,41
1.271,96
15/12/2020
502,55
0,00
0,00
0,00
0,00
0,00
0,00
mensal
058333
000001
114
10/11/2018
000017
veriana iunocencio da 
000110
641,05
1.245,00
31/12/2020
331,54
0,00
272,41
0,00
0,00
0,00
0,00
mensal
064133
000001
097
10/12/2020
000005
wagner jose lima
000119
485,00
825,03
15/12/2020
322,79
0,00
17,24
0,00
0,00
0,00
0,00
mensal
086315
000001
112
10/12/2020
000019
walcely rosa alves
000011
1.500,00
2.686,31
21/12/2020
1.126,74
0,00
59,57
0,00
0,00
0,00
0,00
anual
045938
000001
112
10/12/2020
000019
walcely rosa alves
000135
629,36
1.174,81
21/12/2020
519,43
0,00
26,02
0,00
0,00
0,00
0,00
mensal
021705
000001
116
10/12/2020
000011
walysson amorim lacerda
000083
840,89
1.176,17
03/12/2020
335,28
0,00
0,00
0,00
0,00
0,00
0,00
mensal
073633
000001
110
15/03/2020
000039
wanderlei ferreira de 
000083
1.009,07
1.550,00
21/12/2020
412,85
0,00
128,08
0,00
0,00
0,00
0,00
mensal
072106
000001
106
10/08/2020
000018
wanderlucio aparecido 
000047
800,85
928,00
07/12/2020
76,52
0,00
50,63
0,00
0,00
0,00
0,00
mensal
089212
000001
106
10/09/2020
000018
wanderlucio aparecido 
000048
800,85
919,00
07/12/2020
76,52
0,00
41,63
0,00
0,00
0,00
0,00
mensal
089213
000001
106
10/10/2020
000018
wanderlucio aparecido 
000049
800,85
946,00
15/12/2020
107,12
0,00
38,03
0,00
0,00
0,00
0,00
mensal
089214
000001
106
10/11/2020
000018
wanderlucio aparecido 
000050
800,85
933,00
15/12/2020
107,12
0,00
25,03
0,00
0,00
0,00
0,00
mensal
089215
sistema de controle de vendas de imóveis
8321c - relatório de prestações recebidas - contábil
06/01/2021 16:33:38
página: 7
habitacional pinheiro imoveis ltda
empre. bloco unidade
tipo 
pagamento
número cliente
data 
vencimento valor histórico
data 
pagamento
valor 
recebido
correção
juros 
compensatór
valor da 
mora
prorata
multa
acréscim desconto
nosso 
número
000001
106
10/12/2020
000018
wanderlucio aparecido 
000051
800,85
932,00
29/12/2020
107,12
0,00
24,03
0,00
0,00
0,00
0,00
mensal
089216
000001
104
15/12/2020
000020
wechigton alvarenga
000009
926,73
927,04
17/12/2020
0,00
0,00
0,31
0,00
0,00
0,00
0,00
mensal
087148
000001
099
20/10/2020
000013
wendel santos miranda
000135
437,16
827,00
22/12/2020
356,91
0,00
32,93
0,00
0,00
0,00
0,00
mensal
005664
000001
099
23/12/2020
000013
wendel santos miranda
000011
1.500,00
2.626,74
24/12/2020
1.126,74
0,00
0,00
0,00
0,00
0,00
0,00
anual
066243
000001
099
10/05/2020
000006
weverton miranda do 
000101
667,66
1.090,00
08/12/2020
373,27
0,00
49,07
0,00
0,00
0,00
0,00
mensal
065958
000001
112
10/12/2020
000011
widerson de andrade
000064
1.009,07
1.252,77
11/12/2020
243,70
0,00
0,00
0,00
0,00
0,00
0,00
mensal
078964
000001
104
20/12/2020
000023
wilson carneiro da costa
000046
961,02
1.064,51
09/12/2020
103,49
0,00
0,00
0,00
0,00
0,00
0,00
mensal
083550
000001
105
10/12/2020
000014
zuleika da silva
000135
568,67
1.038,01
08/12/2020
469,34
0,00
0,00
0,00
0,00
0,00
0,00
mensal
021506
número de prestações listadas: 197
214.358,08
156.843,67
totais:
78.097,88
0,00
2.477,85
0,00
0,00
0,00
23.061,32
apuração dos impostos
valor recebido
valor isento
valor base para cálculo
234.941,55
23.061,32
211.880,23
imposto:   cofins
valor base para cálculo:
211.880,23
alíquota
3%
valor do imposto
6.356,41
imposto:   pis
valor base para cálculo:
211.880,23
alíquota
0,65%
valor do imposto
1.377,22
valor do imposto
2.542,56
alíquota
1,20%
imposto:   csll
valor base para cálculo:
211.880,23
valor base para cálculo:
211.880,23
imposto:   irpj
alíquota
1,08%
2.288,31
valor do imposto
valor base para cálculo
214.358,08
valor isento
0,00
valor recebido
214.358,08
