demonstrativo de evolução
banestes s/a                                                                               emissao:01/05/2021 10:43:44 pag.: 1  
afrr15 - demonstrativo/evolucao de aplicacao por conta                                     referencia : 01/04/2021 a 30/04/2021 
                          cdb corrente               
------------------------------------------------------------------------------------------------------------------------------- 
  
cliente........:  argus atacadista ltda          
cpf/cnpj.......:  27874317000103     
c.corrente/agn.:  28.480.762 / 0674 
------------------------------------------------------------------------------------------------------------------------------- 
    data     rendimento       saldo abertura   aplicacao        resgate liquido imposto retido  saldo fechamento saldo previsto 
------------------------------------------------------------------------------------------------------------------------------- 
 31/03/2021            0,00             0,00             0,00             0,00            0,00        22.304,85       22.304,38 
 01/04/2021            0,10        22.304,95             0,00        12.131,19            0,31        10.173,45       10.173,24 
 05/04/2021            0,06        10.173,51             0,00             0,00            0,00        10.173,51       10.173,29 
 06/04/2021            0,04        10.173,55             0,00           430,44            0,00         9.743,11        9.742,88 
 07/04/2021            0,05         9.743,16         6.849,36             0,00            0,00        16.592,52       16.592,27 
 08/04/2021            0,08        16.592,60        11.442,86             0,00            0,00        28.035,46       28.035,17 
 09/04/2021            0,14        28.035,60             0,00         8.776,27            0,26        19.259,07       19.258,95 
 12/04/2021            0,09        19.259,16         8.921,30             0,00            0,00        28.180,46       28.180,27 
 13/04/2021            0,15        28.180,61             0,00           544,57            0,01        27.636,03       27.635,75 
 14/04/2021            0,13        27.636,16             0,00        17.814,92            0,29         9.820,95        9.820,87 
 15/04/2021            0,05         9.821,00         3.191,10             0,00            0,00        13.012,10       13.011,98 
 16/04/2021            0,06        13.012,16         4.474,42             0,00            0,00        17.486,58       17.486,42 
 19/04/2021            0,09        17.486,67             0,00         1.918,04            0,02        15.568,61       15.568,42 
 20/04/2021            0,07        15.568,68         7.006,91             0,00            0,00        22.575,59       22.575,35 
 22/04/2021            0,11        22.575,70             0,00         8.747,61            0,21        13.827,88       13.827,79 
 23/04/2021            0,09        13.827,97        10.932,55             0,00            0,00        24.760,52       24.760,36 
 26/04/2021            0,11        24.760,63         3.978,56             0,00            0,00        28.739,19       28.738,96 
 27/04/2021            0,15        28.739,34        86.790,81             0,00            0,00       115.530,15      115.529,82 
 28/04/2021            0,61       115.530,76             0,00             0,00            0,00       115.530,76      115.529,87 
 29/04/2021            0,58       115.531,34        10.433,13             0,00            0,00       125.964,47      125.963,08 
 30/04/2021            0,66       125.965,13        20.523,08             0,00            0,00       146.488,21      146.486,28 
  
------------------------------------------------------------------------------------------------------------------------------- 
  
 resumo da conta 28.480.762 
  
 saldo mes anterior                                          22.304,85 
 aplicado no mes                                            174.544,08 
 resgatado no mes                                            50.363,04 
 iof retido no mes                                                1,00 
 ir retido no mes                                                 0,10 
 rendimento no mes                                                3,42 
 saldo bruto (atual)                                        146.488,21 
 saldo liquido (previsto)                                   146.486,28
