                                                                                                                               
 
data: 17 de maio de 2021 
código do cliente: 42224402. cnpj:: 25296205000197 - lagoa silvana restaurante 
histórico de vendas 
página:1
período: 01/02/2020 - 29/02/2020
moeda: brl
 
data da venda
código do
cliente
resumo de
vendas
produto
parcela
plano
comprovantes
valor bruto
cashback
amount
reverse
interchange
vlr. desc.
valor de
pagamento data de crédito
02/02/20
42224402
00445192394
mastercard
débito
0
0
17
684,85
  0,00
  0,00
13,35
671,50
03/02/20
02/02/20
42224402
00445624267
visa débito
0
0
6
621,97
  0,00
  0,00
12,13
609,84
03/02/20
02/02/20
42224402
00445624264
mastercard
débito
0
0
9
253,05
  0,00
  0,00
4,93
248,12
03/02/20
02/02/20
42224402
00445956469
visa débito
0
0
1
14,00
  0,00
  0,00
0,27
13,73
03/02/20
02/02/20
42224402
00445956466
mastercard
débito
0
0
12
259,10
  0,00
  0,00
5,06
254,04
03/02/20
02/02/20
42224402
00445192398
visa débito
0
0
5
157,27
  0,00
  0,00
3,07
154,20
03/02/20
02/02/20
42224402
00445956464
mastercard
crédito
0
0
4
109,00
  0,00
  0,00
3,87
105,13
03/03/20
02/02/20
42224402
00445192393
mastercard
crédito
0
0
9
414,80
  0,00
  0,00
14,73
400,07
03/03/20
02/02/20
42224402
00445192395
visa crédito
0
0
3
67,67
  0,00
  0,00
2,40
65,27
03/03/20
02/02/20
42224402
00445956467
visa crédito
0
0
1
15,00
  0,00
  0,00
0,53
14,47
03/03/20
02/02/20
42224402
00445624265
visa crédito
0
0
6
209,43
  0,00
  0,00
7,43
202,00
03/03/20
02/02/20
42224402
00445624263
mastercard
crédito
0
0
3
47,51
  0,00
  0,00
1,69
45,82
03/03/20
02/02/20
42224402
00445192396
elo débito
0
0
1
50,09
  0,00
  0,00
1,44
48,65
03/02/20
02/02/20
42224402
00445192397
amex crédito
0
0
2
104,37
  0,00
  0,00
3,70
100,67
03/03/20
02/02/20
42224402
00445624266
elo débito
0
0
3
38,50
  0,00
  0,00
1,11
37,39
03/02/20
02/02/20
42224402
00445956468
elo débito
0
0
3
27,00
  0,00
  0,00
0,77
26,23
03/02/20
02/02/20
42224402
00445956465
elo crédito
0
0
1
58,84
  0,00
  0,00
2,25
56,59
03/03/20
saldo do dia
3.132,45  0,00
 0,00
78,73
3.053,72
03/02/20
42224402
00450484784
mastercard
débito
0
0
1
15,00
  0,00
  0,00
0,29
14,71
04/02/20
03/02/20
42224402
00449518746
mastercard
débito
0
0
1
24,00
  0,00
  0,00
0,47
23,53
04/02/20
03/02/20
42224402
00450484786
visa débito
0
0
1
60,00
  0,00
  0,00
1,17
58,83
04/02/20
03/02/20
42224402
00449518747
visa crédito
0
0
1
30,00
  0,00
  0,00
1,07
28,93
04/03/20
                                                                                                                               
 
data: 17 de maio de 2021 
código do cliente: 42224402. cnpj:: 25296205000197 - lagoa silvana restaurante 
histórico de vendas 
página:2
03/02/20
42224402
00449518748
elo débito
0
0
1
5,00
  0,00
  0,00
0,14
4,86
04/02/20
03/02/20
42224402
00450484785
elo débito
0
0
2
75,00
  0,00
  0,00
2,15
72,85
04/02/20
saldo do dia
209,00  0,00
 0,00
5,29
203,71
04/02/20
42224402
00454886626
mastercard
débito
0
0
1
14,00
  0,00
  0,00
0,27
13,73
05/02/20
04/02/20
42224402
00454886627
visa débito
0
0
1
10,00
  0,00
  0,00
0,20
9,80
05/02/20
04/02/20
42224402
00456564085
mastercard
débito
0
0
1
14,00
  0,00
  0,00
0,27
13,73
05/02/20
04/02/20
42224402
00455703474
mastercard
débito
0
0
2
15,00
  0,00
  0,00
0,30
14,70
05/02/20
04/02/20
42224402
00456564086
visa crédito
0
0
1
66,37
  0,00
  0,00
2,36
64,01
05/03/20
04/02/20
42224402
00455703473
mastercard
crédito
0
0
1
11,00
  0,00
  0,00
0,39
10,61
05/03/20
saldo do dia
130,37  0,00
 0,00
3,79
126,58
05/02/20
42224402
00560788458
mastercard
débito
0
0
5
73,00
  0,00
  0,00
1,43
71,57
06/02/20
05/02/20
42224402
00561806910
mastercard
débito
0
0
1
11,00
  0,00
  0,00
0,21
10,79
06/02/20
05/02/20
42224402
00560118917
visa débito
0
0
2
31,50
  0,00
  0,00
0,61
30,89
06/02/20
05/02/20
42224402
00560118915
mastercard
débito
0
0
6
180,50
  0,00
  0,00
3,53
176,97
06/02/20
05/02/20
42224402
00560788457
mastercard
crédito
0
0
1
50,00
  0,00
  0,00
1,78
48,22
06/03/20
05/02/20
42224402
00560788459
visa crédito
0
0
1
18,40
  0,00
  0,00
0,65
17,75
06/03/20
05/02/20
42224402
00561806759
mastercard
crédito
0
0
1
28,00
  0,00
  0,00
0,99
27,01
06/03/20
05/02/20
42224402
00560118914
mastercard
crédito
0
0
2
28,00
  0,00
  0,00
1,00
27,00
06/03/20
05/02/20
42224402
00560118916
elo débito
0
0
2
23,00
  0,00
  0,00
0,66
22,34
06/02/20
05/02/20
42224402
00560788460
elo débito
0
0
1
22,00
  0,00
  0,00
0,63
21,37
06/02/20
saldo do dia
465,40  0,00
 0,00
11,49
453,91
06/02/20
42224402
00566315786
visa débito
0
0
1
15,00
  0,00
  0,00
0,29
14,71
07/02/20
06/02/20
42224402
00567326013
mastercard
débito
0
0
1
10,00
  0,00
  0,00
0,20
9,80
07/02/20
                                                                                                                               
 
data: 17 de maio de 2021 
código do cliente: 42224402. cnpj:: 25296205000197 - lagoa silvana restaurante 
histórico de vendas 
página:3
06/02/20
42224402
00566315784
mastercard
crédito
0
0
1
9,00
  0,00
  0,00
0,32
8,68
09/03/20
06/02/20
42224402
00566315785
elo débito
0
0
2
36,50
  0,00
  0,00
1,05
35,45
07/02/20
saldo do dia
70,50  0,00
 0,00
1,86
68,64
07/02/20
42224402
00573411907
mastercard
débito
0
0
1
60,00
  0,00
  0,00
1,17
58,83
10/02/20
07/02/20
42224402
00570185080
mastercard
débito
0
0
1
11,00
  0,00
  0,00
0,21
10,79
10/02/20
07/02/20
42224402
00572233004
visa débito
0
0
1
10,50
  0,00
  0,00
0,20
10,30
10/02/20
07/02/20
42224402
00572233002
mastercard
crédito
0
0
1
18,00
  0,00
  0,00
0,64
17,36
09/03/20
07/02/20
42224402
00572233003
elo débito
0
0
1
4,00
  0,00
  0,00
0,11
3,89
10/02/20
07/02/20
42224402
00573411908
elo débito
0
0
1
28,00
  0,00
  0,00
0,80
27,20
10/02/20
07/02/20
42224402
00573411906
elo crédito
0
0
1
26,00
  0,00
  0,00
0,99
25,01
09/03/20
saldo do dia
157,50  0,00
 0,00
4,12
153,38
08/02/20
42224402
00576766908
mastercard
débito
0
0
6
130,50
  0,00
  0,00
2,55
127,95
10/02/20
08/02/20
42224402
00576766911
visa débito
0
0
2
109,00
  0,00
  0,00
2,12
106,88
10/02/20
08/02/20
42224402
00577724581
mastercard
débito
0
0
5
124,30
  0,00
  0,00
2,43
121,87
10/02/20
08/02/20
42224402
00577724584
visa débito
0
0
2
44,00
  0,00
  0,00
0,86
43,14
10/02/20
08/02/20
42224402
00578444849
mastercard
débito
0
0
1
3,00
  0,00
  0,00
0,06
2,94
10/02/20
08/02/20
42224402
00575479386
mastercard
débito
0
0
1
28,00
  0,00
  0,00
0,55
27,45
10/02/20
08/02/20
42224402
00575479388
visa débito
0
0
2
12,00
  0,00
  0,00
0,24
11,76
10/02/20
08/02/20
42224402
00576766909
visa crédito
0
0
1
100,35
  0,00
  0,00
3,56
96,79
09/03/20
08/02/20
42224402
00575479387
visa crédito
0
0
1
15,00
  0,00
  0,00
0,53
14,47
09/03/20
08/02/20
42224402
00577724582
visa crédito
0
0
2
145,50
  0,00
  0,00
5,17
140,33
09/03/20
08/02/20
42224402
00578444848
mastercard
crédito
0
0
1
16,50
  0,00
  0,00
0,59
15,91
09/03/20
08/02/20
42224402
00577724580
mastercard
crédito
0
0
5
117,00
  0,00
  0,00
4,15
112,85
09/03/20
08/02/20
42224402
00576766910
elo débito
0
0
1
18,00
  0,00
  0,00
0,52
17,48
10/02/20
                                                                                                                               
 
data: 17 de maio de 2021 
código do cliente: 42224402. cnpj:: 25296205000197 - lagoa silvana restaurante 
histórico de vendas 
página:4
08/02/20
42224402
00577724583
elo débito
0
0
2
50,50
  0,00
  0,00
1,45
49,05
10/02/20
saldo do dia
913,65  0,00
 0,00
24,78
888,87
09/02/20
42224402
00581549932
visa débito
0
0
1
31,00
  0,00
  0,00
0,60
30,40
10/02/20
09/02/20
42224402
00581205604
visa débito
0
0
1
21,00
  0,00
  0,00
0,41
20,59
10/02/20
09/02/20
42224402
00581205601
mastercard
débito
0
0
5
49,00
  0,00
  0,00
0,96
48,04
10/02/20
09/02/20
42224402
00580822647
mastercard
débito
0
0
5
66,50
  0,00
  0,00
1,32
65,18
10/02/20
09/02/20
42224402
00581205602
visa crédito
0
0
3
121,05
  0,00
  0,00
4,30
116,75
10/03/20
09/02/20
42224402
00581205599
mastercard
crédito
0
0
4
43,50
  0,00
  0,00
1,54
41,96
10/03/20
09/02/20
42224402
00580822646
mastercard
crédito
0
0
2
92,50
  0,00
  0,00
3,28
89,22
10/03/20
09/02/20
42224402
00581205603
elo débito
0
0
4
47,00
  0,00
  0,00
1,34
45,66
10/02/20
09/02/20
42224402
00581205600
elo crédito
0
0
1
8,00
  0,00
  0,00
0,31
7,69
10/03/20
saldo do dia
479,55  0,00
 0,00
14,06
465,49
11/02/20
42224402
00590881331
mastercard
crédito
0
0
1
57,00
  0,00
  0,00
2,02
54,98
12/03/20
11/02/20
42224402
00590881332
visa crédito
0
0
1
15,50
  0,00
  0,00
0,55
14,95
12/03/20
11/02/20
42224402
00590881333
elo débito
0
0
1
24,00
  0,00
  0,00
0,69
23,31
12/02/20
saldo do dia
96,50  0,00
 0,00
3,26
93,24
15/02/20
42224402
00611952275
mastercard
débito
0
0
2
39,75
  0,00
  0,00
0,78
38,97
17/02/20
15/02/20
42224402
00612724705
mastercard
débito
0
0
4
121,50
  0,00
  0,00
2,38
119,12
17/02/20
15/02/20
42224402
00613461115
mastercard
débito
0
0
5
47,50
  0,00
  0,00
0,94
46,56
17/02/20
15/02/20
42224402
00612724708
visa débito
0
0
2
20,00
  0,00
  0,00
0,39
19,61
17/02/20
15/02/20
42224402
00612724706
visa crédito
0
0
4
98,50
  0,00
  0,00
3,49
95,01
16/03/20
15/02/20
42224402
00613461114
mastercard
crédito
0
0
1
58,00
  0,00
  0,00
2,06
55,94
16/03/20
15/02/20
42224402
00612724704
mastercard
crédito
0
0
6
104,50
  0,00
  0,00
3,72
100,78
16/03/20
15/02/20
42224402
00611952276
visa crédito
0
0
2
42,00
  0,00
  0,00
1,49
40,51
16/03/20
                                                                                                                               
 
data: 17 de maio de 2021 
código do cliente: 42224402. cnpj:: 25296205000197 - lagoa silvana restaurante 
histórico de vendas 
página:5
15/02/20
42224402
00612724707
elo débito
0
0
1
10,50
  0,00
  0,00
0,30
10,20
17/02/20
15/02/20
42224402
00613461116
elo débito
0
0
1
9,00
  0,00
  0,00
0,26
8,74
17/02/20
15/02/20
42224402
00613461117
amex crédito
0
0
1
3,00
  0,00
  0,00
0,11
2,89
16/03/20
saldo do dia
554,25  0,00
 0,00
15,92
538,33
16/02/20
42224402
00615780900
visa débito
0
0
3
43,00
  0,00
  0,00
0,84
42,16
17/02/20
16/02/20
42224402
00616214221
visa débito
0
0
4
106,50
  0,00
  0,00
2,09
104,41
17/02/20
16/02/20
42224402
00616214220
mastercard
débito
0
0
5
187,00
  0,00
  0,00
3,65
183,35
17/02/20
16/02/20
42224402
00615199737
mastercard
débito
0
0
4
55,00
  0,00
  0,00
1,08
53,92
17/02/20
16/02/20
42224402
00615199740
visa débito
0
0
4
50,50
  0,00
  0,00
0,99
49,51
17/02/20
16/02/20
42224402
00616569366
visa débito
0
0
3
18,50
  0,00
  0,00
0,36
18,14
17/02/20
16/02/20
42224402
00616569364
mastercard
débito
0
0
1
27,00
  0,00
  0,00
0,53
26,47
17/02/20
16/02/20
42224402
00615780799
mastercard
débito
0
0
8
112,00
  0,00
  0,00
2,21
109,79
17/02/20
16/02/20
42224402
00616569365
visa crédito
0
0
1
25,00
  0,00
  0,00
0,89
24,11
17/03/20
16/02/20
42224402
00615199738
visa crédito
0
0
1
18,00
  0,00
  0,00
0,64
17,36
17/03/20
16/02/20
42224402
00616569363
mastercard
crédito
0
0
3
29,50
  0,00
  0,00
1,05
28,45
17/03/20
16/02/20
42224402
00616214219
mastercard
crédito
0
0
6
51,50
  0,00
  0,00
1,84
49,66
17/03/20
16/02/20
42224402
00615780798
mastercard
crédito
0
0
9
337,50
  0,00
  0,00
11,99
325,51
17/03/20
16/02/20
42224402
00615199736
mastercard
crédito
0
0
2
30,00
  0,00
  0,00
1,06
28,94
17/03/20
16/02/20
42224402
00615199739
elo débito
0
0
1
11,00
  0,00
  0,00
0,32
10,68
17/02/20
saldo do dia
1.102,00  0,00
 0,00
29,54
1.072,46
18/02/20
42224402
00627086484
visa débito
0
0
2
35,00
  0,00
  0,00
0,69
34,31
19/02/20
18/02/20
42224402
00627086482
mastercard
crédito
0
0
1
10,50
  0,00
  0,00
0,37
10,13
19/03/20
18/02/20
42224402
00627086483
elo débito
0
0
1
21,00
  0,00
  0,00
0,60
20,40
19/02/20
saldo do dia
66,50  0,00
 0,00
1,66
64,84
19/02/20
42224402
00731231568
visa débito
0
0
1
7,00
  0,00
  0,00
0,14
6,86
20/02/20
                                                                                                                               
 
data: 17 de maio de 2021 
código do cliente: 42224402. cnpj:: 25296205000197 - lagoa silvana restaurante 
histórico de vendas 
página:6
19/02/20
42224402
00730398794
mastercard
crédito
0
0
1
18,50
  0,00
  0,00
0,66
17,84
20/03/20
19/02/20
42224402
00731231567
visa crédito
0
0
2
27,00
  0,00
  0,00
0,96
26,04
20/03/20
19/02/20
42224402
00730398795
elo débito
0
0
1
16,00
  0,00
  0,00
0,46
15,54
20/02/20
19/02/20
42224402
00730398796
amex crédito
0
0
1
62,00
  0,00
  0,00
2,20
59,80
20/03/20
saldo do dia
130,50  0,00
 0,00
4,42
126,08
21/02/20
42224402
00743089054
visa débito
0
0
1
40,00
  0,00
  0,00
0,78
39,22
26/02/20
21/02/20
42224402
00742028598
visa débito
0
0
1
24,00
  0,00
  0,00
0,47
23,53
26/02/20
21/02/20
42224402
00742028596
mastercard
débito
0
0
1
35,00
  0,00
  0,00
0,68
34,32
26/02/20
21/02/20
42224402
00744271908
visa débito
0
0
3
63,50
  0,00
  0,00
1,23
62,27
26/02/20
21/02/20
42224402
00743089051
mastercard
débito
0
0
1
9,00
  0,00
  0,00
0,18
8,82
26/02/20
21/02/20
42224402
00743089052
visa crédito
0
0
1
30,00
  0,00
  0,00
1,07
28,93
23/03/20
21/02/20
42224402
00742028595
mastercard
crédito
0
0
1
21,00
  0,00
  0,00
0,75
20,25
23/03/20
21/02/20
42224402
00743089050
mastercard
crédito
0
0
1
9,00
  0,00
  0,00
0,32
8,68
23/03/20
21/02/20
42224402
00742028597
elo débito
0
0
1
10,00
  0,00
  0,00
0,29
9,71
26/02/20
21/02/20
42224402
00743089053
elo débito
0
0
1
27,00
  0,00
  0,00
0,77
26,23
26/02/20
saldo do dia
268,50  0,00
 0,00
6,54
261,96
22/02/20
42224402
00746164456
mastercard
débito
0
0
2
18,00
  0,00
  0,00
0,36
17,64
26/02/20
22/02/20
42224402
00748340635
mastercard
débito
0
0
10
282,75
  0,00
  0,00
5,51
277,24
26/02/20
22/02/20
42224402
00747558201
visa débito
0
0
6
58,00
  0,00
  0,00
1,15
56,85
26/02/20
22/02/20
42224402
00747558198
mastercard
débito
0
0
2
32,60
  0,00
  0,00
0,64
31,96
26/02/20
22/02/20
42224402
00748998961
mastercard
débito
0
0
1
12,00
  0,00
  0,00
0,23
11,77
26/02/20
22/02/20
42224402
00748340638
visa débito
0
0
3
23,50
  0,00
  0,00
0,47
23,03
26/02/20
22/02/20
42224402
00747558197
mastercard
crédito
0
0
4
51,00
  0,00
  0,00
1,82
49,18
23/03/20
                                                                                                                               
 
data: 17 de maio de 2021 
código do cliente: 42224402. cnpj:: 25296205000197 - lagoa silvana restaurante 
histórico de vendas 
página:7
22/02/20
42224402
00748340634
mastercard
crédito
0
0
3
23,00
  0,00
  0,00
0,82
22,18
23/03/20
22/02/20
42224402
00748340636
visa crédito
0
0
1
26,00
  0,00
  0,00
0,92
25,08
23/03/20
22/02/20
42224402
00746164457
visa crédito
0
0
1
22,00
  0,00
  0,00
0,78
21,22
23/03/20
22/02/20
42224402
00747558199
visa crédito
0
0
1
20,00
  0,00
  0,00
0,71
19,29
23/03/20
22/02/20
42224402
00746164455
mastercard
crédito
0
0
1
20,00
  0,00
  0,00
0,71
19,29
23/03/20
22/02/20
42224402
00748998960
mastercard
crédito
0
0
2
24,00
  0,00
  0,00
0,85
23,15
23/03/20
22/02/20
42224402
00746164458
elo débito
0
0
1
24,00
  0,00
  0,00
0,69
23,31
26/02/20
22/02/20
42224402
00747558200
elo débito
0
0
2
45,00
  0,00
  0,00
1,30
43,70
26/02/20
22/02/20
42224402
00748340637
elo débito
0
0
2
71,60
  0,00
  0,00
2,05
69,55
26/02/20
saldo do dia
753,45  0,00
 0,00
19,01
734,44
23/02/20
42224402
00751232225
mastercard
débito
0
0
5
55,00
  0,00
  0,00
1,08
53,92
26/02/20
23/02/20
42224402
00752008250
mastercard
débito
0
0
4
55,50
  0,00
  0,00
1,09
54,41
26/02/20
23/02/20
42224402
00751683351
visa débito
0
0
7
123,00
  0,00
  0,00
2,40
120,60
26/02/20
23/02/20
42224402
00751683348
mastercard
débito
0
0
9
142,50
  0,00
  0,00
2,79
139,71
26/02/20
23/02/20
42224402
00751232228
visa débito
0
0
4
68,00
  0,00
  0,00
1,32
66,68
26/02/20
23/02/20
42224402
00752008252
visa débito
0
0
7
281,00
  0,00
  0,00
5,49
275,51
26/02/20
23/02/20
42224402
00751683346
mastercard
crédito
0
0
3
81,00
  0,00
  0,00
2,88
78,12
24/03/20
23/02/20
42224402
00752008251
visa crédito
0
0
2
362,00
  0,00
  0,00
12,86
349,14
24/03/20
23/02/20
42224402
00751232226
visa crédito
0
0
3
30,00
  0,00
  0,00
1,08
28,92
24/03/20
23/02/20
42224402
00752008248
mastercard
crédito
0
0
4
40,00
  0,00
  0,00
1,41
38,59
24/03/20
23/02/20
42224402
00751683349
visa crédito
0
0
4
149,00
  0,00
  0,00
5,30
143,70
24/03/20
23/02/20
42224402
00751232224
mastercard
crédito
0
0
2
75,00
  0,00
  0,00
2,67
72,33
24/03/20
23/02/20
42224402
00751232227
elo débito
0
0
1
5,00
  0,00
  0,00
0,14
4,86
26/02/20
23/02/20
42224402
00751683347
elo crédito
0
0
1
11,00
  0,00
  0,00
0,42
10,58
24/03/20
23/02/20
42224402
00751683350
elo débito
0
0
7
71,00
  0,00
  0,00
2,04
68,96
26/02/20
                                                                                                                               
 
data: 17 de maio de 2021 
código do cliente: 42224402. cnpj:: 25296205000197 - lagoa silvana restaurante 
histórico de vendas 
página:8
23/02/20
42224402
00752008249
elo crédito
0
0
1
100,00
  0,00
  0,00
3,82
96,18
24/03/20
saldo do dia
1.649,00  0,00
 0,00
46,79
1.602,21
24/02/20
42224402
00755445852
visa débito
0
0
1
10,00
  0,00
  0,00
0,20
9,80
26/02/20
24/02/20
42224402
00753948427
mastercard
débito
0
0
3
47,00
  0,00
  0,00
0,93
46,07
26/02/20
24/02/20
42224402
00753252221
visa débito
0
0
5
64,00
  0,00
  0,00
1,26
62,74
26/02/20
24/02/20
42224402
00755445849
mastercard
débito
0
0
3
62,50
  0,00
  0,00
1,22
61,28
26/02/20
24/02/20
42224402
00754713987
mastercard
débito
0
0
9
217,00
  0,00
  0,00
4,26
212,74
26/02/20
24/02/20
42224402
00754713990
visa débito
0
0
8
188,50
  0,00
  0,00
3,67
184,83
26/02/20
24/02/20
42224402
00753948430
visa débito
0
0
2
90,00
  0,00
  0,00
1,75
88,25
26/02/20
24/02/20
42224402
00755445850
visa crédito
0
0
1
31,00
  0,00
  0,00
1,10
29,90
25/03/20
24/02/20
42224402
00755445848
mastercard
crédito
0
0
1
10,00
  0,00
  0,00
0,36
9,64
25/03/20
24/02/20
42224402
00753948426
mastercard
crédito
0
0
4
96,00
  0,00
  0,00
3,42
92,58
25/03/20
24/02/20
42224402
00754713988
visa crédito
0
0
3
63,00
  0,00
  0,00
2,24
60,76
25/03/20
24/02/20
42224402
00754713986
mastercard
crédito
0
0
3
23,00
  0,00
  0,00
0,82
22,18
25/03/20
24/02/20
42224402
00753252219
mastercard
crédito
0
0
2
39,00
  0,00
  0,00
1,39
37,61
25/03/20
24/02/20
42224402
00753948428
visa crédito
0
0
1
25,00
  0,00
  0,00
0,89
24,11
25/03/20
24/02/20
42224402
00753252220
elo débito
0
0
1
8,00
  0,00
  0,00
0,23
7,77
26/02/20
24/02/20
42224402
00753948429
elo débito
0
0
3
84,50
  0,00
  0,00
2,43
82,07
26/02/20
24/02/20
42224402
00754713989
elo débito
0
0
7
358,50
  0,00
  0,00
10,28
348,22
26/02/20
24/02/20
42224402
00755445851
elo débito
0
0
1
10,00
  0,00
  0,00
0,29
9,71
26/02/20
saldo do dia
1.427,00  0,00
 0,00
36,74
1.390,26
25/02/20
42224402
00757665008
visa débito
0
0
15
165,00
  0,00
  0,00
3,25
161,75
26/02/20
25/02/20
42224402
00756668781
mastercard
débito
0
0
5
64,00
  0,00
  0,00
1,26
62,74
26/02/20
25/02/20
42224402
00756668784
visa débito
0
0
3
32,00
  0,00
  0,00
0,63
31,37
26/02/20
25/02/20
42224402
00757665005
mastercard
débito
0
0
24
318,50
  0,00
  0,00
6,24
312,26
26/02/20
                                                                                                                               
 
data: 17 de maio de 2021 
código do cliente: 42224402. cnpj:: 25296205000197 - lagoa silvana restaurante 
histórico de vendas 
página:9
25/02/20
42224402
00757271785
visa débito
0
0
1
10,00
  0,00
  0,00
0,20
9,80
26/02/20
25/02/20
42224402
00758060881
mastercard
débito
0
0
9
172,10
  0,00
  0,00
3,36
168,74
26/02/20
25/02/20
42224402
00758060884
visa débito
0
0
5
186,50
  0,00
  0,00
3,65
182,85
26/02/20
25/02/20
42224402
00757271782
mastercard
débito
0
0
9
208,20
  0,00
  0,00
4,07
204,13
26/02/20
25/02/20
42224402
00756668780
mastercard
crédito
0
0
5
138,50
  0,00
  0,00
4,93
133,57
26/03/20
25/02/20
42224402
00756668782
visa crédito
0
0
2
43,00
  0,00
  0,00
1,53
41,47
26/03/20
25/02/20
42224402
00757271781
mastercard
crédito
0
0
5
77,00
  0,00
  0,00
2,73
74,27
26/03/20
25/02/20
42224402
00757271783
visa crédito
0
0
4
64,25
  0,00
  0,00
2,29
61,96
26/03/20
25/02/20
42224402
00758060879
mastercard
crédito
0
0
8
260,50
  0,00
  0,00
9,27
251,23
26/03/20
25/02/20
42224402
00758060882
visa crédito
0
0
8
368,10
  0,00
  0,00
13,08
355,02
26/03/20
25/02/20
42224402
00757665003
mastercard
crédito
0
0
12
321,50
  0,00
  0,00
11,43
310,07
26/03/20
25/02/20
42224402
00757665006
visa crédito
0
0
9
169,00
  0,00
  0,00
6,00
163,00
26/03/20
25/02/20
42224402
00756668783
elo débito
0
0
1
5,00
  0,00
  0,00
0,14
4,86
26/02/20
25/02/20
42224402
00757271784
elo débito
0
0
2
15,00
  0,00
  0,00
0,43
14,57
26/02/20
25/02/20
42224402
00757665004
elo crédito
0
0
1
26,00
  0,00
  0,00
0,99
25,01
26/03/20
25/02/20
42224402
00757665007
elo débito
0
0
4
66,50
  0,00
  0,00
1,91
64,59
26/02/20
25/02/20
42224402
00758060880
elo crédito
0
0
1
46,60
  0,00
  0,00
1,78
44,82
26/03/20
25/02/20
42224402
00758060883
elo débito
0
0
3
156,75
  0,00
  0,00
4,50
152,25
26/02/20
saldo do dia
2.914,00  0,00
 0,00
83,67
2.830,33
26/02/20
42224402
00863163617
visa débito
0
0
4
169,00
  0,00
  0,00
3,30
165,70
27/02/20
26/02/20
42224402
00863163616
mastercard
débito
0
0
2
34,00
  0,00
  0,00
0,66
33,34
27/02/20
26/02/20
42224402
00861480162
visa débito
0
0
2
51,00
  0,00
  0,00
0,99
50,01
27/02/20
26/02/20
42224402
00862245415
visa débito
0
0
2
68,30
  0,00
  0,00
1,34
66,96
27/02/20
26/02/20
42224402
00862245412
mastercard
débito
0
0
6
88,00
  0,00
  0,00
1,72
86,28
27/02/20
26/02/20
42224402
00861480161
mastercard
crédito
0
0
2
12,50
  0,00
  0,00
0,45
12,05
27/03/20
                                                                                                                               
 
data: 17 de maio de 2021 
código do cliente: 42224402. cnpj:: 25296205000197 - lagoa silvana restaurante 
histórico de vendas 
página:10
26/02/20
42224402
00863163615
mastercard
crédito
0
0
2
84,00
  0,00
  0,00
2,98
81,02
27/03/20
26/02/20
42224402
00862245410
mastercard
crédito
0
0
7
250,05
  0,00
  0,00
8,89
241,16
27/03/20
26/02/20
42224402
00862245413
visa crédito
0
0
4
194,00
  0,00
  0,00
6,88
187,12
27/03/20
26/02/20
42224402
00862245411
elo crédito
0
0
1
39,05
  0,00
  0,00
1,49
37,56
27/03/20
26/02/20
42224402
00862245414
elo débito
0
0
4
136,00
  0,00
  0,00
3,90
132,10
27/02/20
saldo do dia
1.125,90  0,00
 0,00
32,60
1.093,30
27/02/20
42224402
00867202427
mastercard
débito
0
0
3
39,00
  0,00
  0,00
0,76
38,24
28/02/20
27/02/20
42224402
00867955050
visa débito
0
0
2
9,00
  0,00
  0,00
0,18
8,82
28/02/20
27/02/20
42224402
00866336409
elo débito
0
0
1
42,00
  0,00
  0,00
1,21
40,79
28/02/20
saldo do dia
90,00  0,00
 0,00
2,15
87,85
29/02/20
42224402
00877181024
mastercard
débito
0
0
2
92,00
  0,00
  0,00
1,79
90,21
02/03/20
29/02/20
42224402
00878684387
visa débito
0
0
1
16,00
  0,00
  0,00
0,31
15,69
02/03/20
29/02/20
42224402
00878684385
mastercard
débito
0
0
1
45,00
  0,00
  0,00
0,88
44,12
02/03/20
29/02/20
42224402
00875909926
visa débito
0
0
1
20,00
  0,00
  0,00
0,39
19,61
02/03/20
29/02/20
42224402
00875909925
mastercard
débito
0
0
1
5,00
  0,00
  0,00
0,10
4,90
02/03/20
29/02/20
42224402
00878003809
visa débito
0
0
3
19,00
  0,00
  0,00
0,38
18,62
02/03/20
29/02/20
42224402
00878003807
mastercard
débito
0
0
3
22,20
  0,00
  0,00
0,44
21,76
02/03/20
29/02/20
42224402
00878684384
mastercard
crédito
0
0
1
19,00
  0,00
  0,00
0,67
18,33
30/03/20
29/02/20
42224402
00878003806
mastercard
crédito
0
0
1
5,00
  0,00
  0,00
0,18
4,82
30/03/20
29/02/20
42224402
00877181025
visa crédito
0
0
1
36,00
  0,00
  0,00
1,28
34,72
30/03/20
29/02/20
42224402
00878003808
elo débito
0
0
1
13,00
  0,00
  0,00
0,37
12,63
02/03/20
29/02/20
42224402
00878684386
elo débito
0
0
4
64,00
  0,00
  0,00
1,84
62,16
02/03/20
saldo do dia
356,20  0,00
 0,00
8,63
347,57
total período
16.092,22
 0,00
 0,00
435,05
15.657,17  
 sipêg
 sipêg
 sipêg
 sipêg
 sipêg
 sipêg
 sipêg
 sipêg
 sipêg
 sipêg
