saldo anterior em 31/03/2022
01/04/2022
30/04/2022
até
período de:
02/05/2022
data emissão do
extrato:
cdb - certificado de depósito bancário
produto:
saldo final em 11/04/2022
resgates / vencimentos
aplicações
saldo anterior em 31/03/2022
01/04/2022
30/04/2022
até
período de:
02/05/2022
data emissão do
extrato:
cdb - certificado de depósito bancário
produto:
1685 | 0032888-0
agência/conta:
best import shop e comercio ltda | 009.719.752/0001-81
empresa/cnpj:
extrato de investimentos
nome do usuário: alessia rafaella nunes rabe
data da operação: 02/05/2022 - 15h17
dt.
aplicação
dt. vencto
dt. resgate /
carência
taxa (%)
vlr princ.
(r$)
vlr. bruto
(r$)
renda
total(r$)
vlr. iof
(r$)
vlr. irrf
(r$)
vlr
líquido(r$)
renda bruta
per
14/09/2021
29/08/2024
-
100,0000
730,87
764,34
33,47
0,00
6,69
757,65
0,00
total
0,0000
730,87
764,34
33,47
0,00
6,69
757,65
0,00
total
0,0000
0,00
0,00
0,00
0,00
0,00
0,00
0,00
14/09/2021
29/08/2024
11/04/2022
100,0000
730,87
766,68
35,81
0,00
7,16
759,52
2,34
total
0,0000
730,87
766,68
35,81
0,00
7,16
759,52
2,34
total
0,0000
0,00
0,00
0,00
0,00
0,00
0,00
0,00
dt.
aplicação
dt. vencto
dt. resgate /
carência
taxa
(%)
vlr princ.
(r$)
vlr. bruto
(r$)
renda
total(r$)
vlr. iof
(r$)
vlr. irrf
(r$)
vlr
líquido(r$)
renda bruta
per
31/03/2022
20/03/2024
-
5,0000
167,32
167,32
0,00
0,00
0,00
167,32
0,00
04/03/2022
22/02/2024
-
5,0000
22.518,41
22.527,40
8,99
0,89
1,82
22.524,69
0,00
07/03/2022
26/02/2024
-
5,0000
648,82
649,06
0,24
0,04
0,04
648,98
0,00
08/03/2022
26/02/2024
-
5,0000
320,38
320,49
0,11
0,02
0,02
320,45
0,00
09/03/2022
27/02/2024
-
5,0000
63,40
63,42
0,02
0,00
0,00
63,42
0,00
10/03/2022
28/02/2024
-
5,0000
2.742,38
2.743,25
0,87
0,26
0,13
2.742,86
0,00
11/03/2022
29/02/2024
-
5,0000
838,78
839,03
0,25
0,08
0,03
838,92
0,00
 a)

4
bradesco

net empresa
resgates / vencimentos
aplicações
14/03/2022
04/03/2024
-
5,0000
326,75
326,84
0,09
0,03
0,01
326,80
0,00
15/03/2022
04/03/2024
-
5,0000
1.164,44
1.164,74
0,30
0,13
0,03
1.164,58
0,00
16/03/2022
05/03/2024
-
5,0000
54,48
54,49
0,01
0,00
0,00
54,49
0,00
17/03/2022
06/03/2024
-
5,0000
1.240,85
1.241,12
0,27
0,14
0,02
1.240,96
0,00
21/03/2022
11/03/2024
-
5,0000
452,03
452,10
0,07
0,04
0,00
452,06
0,00
22/03/2022
11/03/2024
-
5,0000
375,33
375,38
0,05
0,03
0,00
375,35
0,00
23/03/2022
12/03/2024
-
5,0000
474,49
474,55
0,06
0,04
0,00
474,51
0,00
24/03/2022
13/03/2024
-
5,0000
1.004,59
1.004,69
0,10
0,07
0,00
1.004,62
0,00
25/03/2022
14/03/2024
-
5,0000
5.228,29
5.228,74
0,45
0,36
0,02
5.228,36
0,00
28/03/2022
18/03/2024
-
5,0000
259,56
259,57
0,01
0,00
0,00
259,57
0,00
29/03/2022
18/03/2024
-
5,0000
139,68
139,68
0,00
0,00
0,00
139,68
0,00
30/03/2022
19/03/2024
-
5,0000
761,79
761,80
0,01
0,00
0,00
761,80
0,00
total
0,0000
38.781,77
38.793,67
11,90
2,13
2,12
38.789,42
0,00
01/04/2022
21/03/2024
-
5,0000
87,18
04/04/2022
25/03/2024
-
5,0000
188,12
06/04/2022
26/03/2024
-
5,0000
202,98
07/04/2022
27/03/2024
-
5,0000
89,08
18/04/2022
08/04/2024
-
5,0000
8.299,00
total
0,0000
8.866,36
0,00
0,00
0,00
0,00
0,00
0,00
04/03/2022
22/02/2024
05/04/2022
5,0000
3.154,64
3.156,10
1,46
0,00
0,32
3.155,78
0,20
04/03/2022
22/02/2024
08/04/2022
5,0000
19.363,77
19.374,04
10,27
0,00
2,31
19.371,73
2,54
07/03/2022
26/02/2024
08/04/2022
5,0000
648,82
649,15
0,33
0,00
0,07
649,08
0,09
08/03/2022
26/02/2024
08/04/2022
5,0000
320,38
320,53
0,15
0,00
0,03
320,50
0,04
09/03/2022
27/02/2024
08/04/2022
5,0000
63,40
63,42
0,02
0,00
0,00
63,42
0,00
10/03/2022
28/02/2024
08/04/2022
5,0000
2.742,38
2.743,61
1,23
0,03
0,27
2.743,31
0,36
11/03/2022
29/02/2024
08/04/2022
5,0000
838,78
839,14
0,36
0,02
0,07
839,05
0,11
14/03/2022
04/03/2024
08/04/2022
5,0000
326,75
326,88
0,13
0,02
0,02
326,84
0,04
15/03/2022
04/03/2024
08/04/2022
5,0000
1.164,44
1.164,89
0,45
0,09
0,08
1.164,72
0,15
16/03/2022
05/03/2024
08/04/2022
5,0000
54,48
54,50
0,02
0,00
0,00
54,50
0,01
17/03/2022
06/03/2024
08/04/2022
5,0000
1.240,85
1.241,28
0,43
0,11
0,07
1.241,10
0,16
21/03/2022
11/03/2024
08/04/2022
5,0000
452,03
452,16
0,13
0,05
0,01
452,10
0,06
22/03/2022
11/03/2024
08/04/2022
5,0000
375,33
375,43
0,10
0,04
0,01
375,38
0,05
23/03/2022
12/03/2024
08/04/2022
5,0000
474,49
474,61
0,12
0,05
0,01
474,55
0,06
24/03/2022
13/03/2024
08/04/2022
5,0000
1.004,59
1.004,83
0,24
0,12
0,02
1.004,69
0,14
25/03/2022
14/03/2024
08/04/2022
5,0000
2.795,08
2.795,69
0,61
0,32
0,07
2.795,30
0,37
25/03/2022
14/03/2024
11/04/2022
5,0000
2.433,21
2.433,79
0,58
0,24
0,07
2.433,48
0,37
saldo final em 29/04/2022
28/03/2022
18/03/2024
11/04/2022
5,0000
259,56
259,61
0,05
0,02
0,00
259,59
0,04
29/03/2022
18/03/2024
11/04/2022
5,0000
139,68
139,70
0,02
0,01
0,00
139,69
0,02
30/03/2022
19/03/2024
11/04/2022
5,0000
761,79
761,92
0,13
0,07
0,01
761,84
0,12
31/03/2022
20/03/2024
11/04/2022
5,0000
167,32
167,34
0,02
0,01
0,00
167,33
0,02
01/04/2022
21/03/2024
11/04/2022
5,0000
87,18
87,19
0,01
0,00
0,00
87,19
0,01
04/04/2022
25/03/2024
11/04/2022
5,0000
188,12
188,14
0,02
0,01
0,00
188,13
0,02
06/04/2022
26/03/2024
11/04/2022
5,0000
202,98
202,99
0,01
0,00
0,00
202,99
0,01
07/04/2022
27/03/2024
11/04/2022
5,0000
89,08
89,08
0,00
0,00
0,00
89,08
0,00
18/04/2022
08/04/2024
20/04/2022
5,0000
553,13
553,14
0,01
0,01
0,00
553,13
0,01
total
0,0000
39.902,26
39.919,16
16,90
1,22
3,44
39.914,50
5,00
18/04/2022
08/04/2024
-
5,0000
7.745,87
7.747,22
1,35
0,85
0,11
7.746,26
1,35
total
0,0000
7.745,87
7.747,22
1,35
0,85
0,11
7.746,26
1,35
