                                                                                     
 
data: 27 de maio de 2022 
código do cliente: 30054167. cnpj:: 29306272000104 - yooga 
fluxo de caixa 
página:1
período: 01/01/2021 - 31/01/2021
moeda: brl
 
data efetiva do pagamento
lançamentos
ajustes
saldo
04/01/21
387,01
0,00
387,01
06/01/21
145,25
0,00
532,26
07/01/21
674,87
0,00
1.207,13
11/01/21
967,50
0,00
2.174,63
12/01/21
193,02
0,00
2.367,65
13/01/21
212,51
0,00
2.580,16
14/01/21
650,19
0,00
3.230,35
15/01/21
116,00
0,00
3.346,35
18/01/21
744,77
0,00
4.091,12
20/01/21
384,94
0,00
4.476,06
21/01/21
578,96
0,00
5.055,02
22/01/21
172,09
0,00
5.227,11
25/01/21
483,50
0,00
5.710,61
26/01/21
262,44
0,00
5.973,05
27/01/21
866,02
170,59
7.009,66
28/01/21
316,61
0,00
7.326,27
29/01/21
406,49
0,00
7.732,76
total do período
7.562,17
170,59
7.732,76
 sipêg
