de 01/01/2023 a 31/01/2023
fator moderador: 0
resumo geral de fechamento de prestadores
prestador
orçamentos
ato
coberto
ato não
coberto
outros
pg
total bruto
inss
bc total inss
irrf
total
líquido
outros
desc
iss
cpf/cnpj
inss
inscrição
iss
inss
copart.
csll
cofins
pis
período de fechamento :
03/02/2023 11:38:18
andre baars baptista
073.826.107-64
13087567603
 1.978,75
 1.978,75
 0,00
 0,00
 0,00
 0,00
 0,00
 0,00
 1.583,00
 0.00
 0.00
 0.00
 1.978,75
 395,75
 1.978,75
anna paula queiroz vivas petrucci
155.100.337-62
21059815011
 4.954,80
 4.954,80
 0,00
 0,00
 0,00
-242,00
 255,73
 0,00
 3.466,11
 0.00
 0.00
 0.00
 4.954,80
 990,96
 4.954,80
cristiane costa de moraes maia
039.368.607-85
11429169391
 2.887,75
 2.887,75
 0,00
 0,00
 0,00
-144,39
 30,47
 0,00
 2.135,34
 0.00
 0.00
 0.00
 2.887,75
 577,55
 2.887,75
cristiano sardinha costa
080.688.327-85
19021631442
 229,50
 229,50
 0,00
 0,00
 0,00
-11,48
 0,00
 0,00
 172,12
 0.00
 0.00
 0.00
 229,50
 45,90
 229,50
flavia vieira borges barros
072.883.487-17
12877591621
 2.296,00
 2.296,00
 0,00
 0,00
 0,00
-101,24
 0,00
 0,00
 1.735,56
 0.00
 0.00
 0.00
 2.296,00
 459,20
 2.296,00
francisco sergio oliveira barros
053.177.747-21
11986776357
 2.989,25
 2.989,25
 0,00
 0,00
 0,00
-134,20
 36,56
 0,00
 2.220,64
 0.00
 0.00
 0.00
 2.989,25
 597,85
 2.989,25
gisele goncalves da silva carvalho
028.662.237-80
12538301876
 2.840,70
 2.840,70
 0,00
 0,00
 0,00
-140,61
 0,00
 0,00
 2.131,95
 0.00
 0.00
 0.00
 2.840,70
 568,14
 2.840,70
gustavo campos ferreira
030.804.337-50
11454179672
 2.753,88
 2.753,88
 0,00
 0,00
 0,00
-137,69
 22,43
 0,00
 2.042,98
 0.00
 0.00
 0.00
 2.753,88
 550,78
 2.753,88
izadora bastos de abreu
131.242.677-29
16878079552
 5.027,00
 5.027,00
 0,00
 0,00
 0,00
-247,04
 268,73
 0,00
 3.505,83
 0.00
 0.00
 0.00
 5.027,00
 1.005,40
 5.027,00
joao jose quintino barreto
074.389.927-05
11672222804
 2.112,25
 2.112,25
 0,00
 0,00
 0,00
-190,71
 0,00
 0,00
 1.518,79
 0.00
 0.00
 0.00
 2.013,75
 402,75
 2.112,25
maria eduarda galdino bellon pimentel173.599.867-29
26856221400
 1.884,50
 1.884,50
 0,00
 0,00
 0,00
-84,68
 0,00
 0,00
 1.422,92
 0.00
 0.00
 0.00
 1.884,50
 376,90
 1.884,50
maria lucia p barbosa freire
729.831.167-00
11228186566
 3.582,00
 3.582,00
 0,00
 0,00
 0,00
-160,48
 182,50
 0,00
 3.239,02
 0.00
 0.00
 0.00
 0,00
 0,00
 3.582,00
patricia kenny morais de melo
124.385.127-92
26755179483
 940,00
 940,00
 0,00
 0,00
 0,00
-88,26
 0,00
 0,00
 673,34
 0.00
 0.00
 0.00
 892,00
 178,40
 940,00
pedro franco dos santos neto
055.564.267-40
11675049950
 1.308,75
 1.308,75
 0,00
 0,00
 0,00
-65,44
 0,00
 0,00
 981,56
 0.00
 0.00
 0.00
 1.308,75
 261,75
 1.308,75
rafael petrucci cordeiro
098.924.027-40
11693519024
 2.744,71
 2.744,71
 0,00
 0,00
 0,00
-127,90
 21,88
 0,00
 2.045,99
 0.00
 0.00
 0.00
 2.744,71
 548,94
 2.744,71
tatiana batista pecly
045.071.597-33
11452383728
 1.634,60
 1.634,60
 0,00
 0,00
 0,00
-81,73
 0,00
 0,00
 1.225,95
 0.00
 0.00
 0.00
 1.634,60
 326,92
 1.634,60
 40.164,44
 818,30
inss retido:
irrf retido:
total geral a pagar:
 7.287,19
 818,30
 38.206,59
 0,00
-1.957,85
iss retido:
 0,00
 0,00
 40.164,44
 0,00
 0,00
 30.101,10
 0.00
 0.00
 0.00
csll retido:
cofins retido:
pis retido:
 0.00
 0.00
 0.00
total fechamento :
 36.435,94
 7.287,19
 40.164,44
página 1 de 1
