data
hora
prog.
11:06:33
09/10/23
período: 01/01/18 a 09/10/23
governo do estado do tocantins
secretaria da fazenda
diretoria da receita
coordenadoria de arrecadação
relatório de arrecadação por
contribuinte        
raarlcon
cnpj / cpf:
inscrição estadual:
renavan:
                  
29.416.724-2
nome / razão social: viaçao norte express ltda                                   
banco
agencia
data
nsa
nsr
per. ref
trib.
nosso num
valor total
conv
multa
juros
atualização
principal
tse
doc. origem
parcela
104
2812
09/01/2018
 86344
      15
12/2017
110
180020018043
     1.158,09
 1
              0,00
              0,00
              0,00
          1.158,09
              0,00
  0
237
23769051
17/01/2018
115171
      32
01/2018
422
183030016995
           0,00
 4
              0,00
              0,00
              0,00
             15,00
             15,00
  0
   1948656
104
2812
26/01/2018
 16938
       1
04/2015
613
180020037049
       183,26
 4
              0,00
              0,00
              0,00
            183,26
              0,00
  0
104
2812
30/01/2018
 16963
       1
04/2015
613
180020037072
       183,26
 4
              0,00
              0,00
              0,00
            183,26
              0,00
  0
total do mês
          1.539,61
001
1305
09/02/2018
802157
      21
01/2018
110
180020075155
     1.691,40
 6
              0,00
              0,00
              0,00
          1.691,40
              0,00
  0
total do mês
          1.691,40
104
2812
13/03/2018
 88230
       1
02/2018
110
180020134087
     1.327,86
 1
             10,62
             13,28
              0,00
          1.351,76
              0,00
  0
total do mês
          1.351,76
001
0810
09/04/2018
812521
      36
03/2018
110
180020176431
     2.551,48
 6
              0,00
              0,00
              0,00
          2.551,48
              0,00
  0
001
0554
25/04/2018
278107
       9
04/2018
488
180020206810
       104,00
 2
              0,00
              0,00
              0,00
            104,00
              0,00
  0
104
2812
26/04/2018
 99754
      33
04/2018
488
180020206806
       724,00
 3
              0,00
              0,00
              0,00
            724,00
              0,00
  0
104
2812
30/04/2018
 99780
     231
04/2018
488
180020206808
         84,00
 3
              0,00
              0,00
              0,00
             84,00
              0,00
  0
001
1305
30/04/2018
278439
       7
04/2018
488
180020206809
       284,00
 2
              0,00
              0,00
              0,00
            284,00
              0,00
  0
104
2812
30/04/2018
 99780
     247
04/2018
488
180020206804
       216,00
 3
              0,00
              0,00
              0,00
            216,00
              0,00
  0
total do mês
          3.963,48
104
0644
02/05/2018
 99817
      17
04/2018
488
180020206812
         68,00
 3
              0,00
              0,00
              0,00
             68,00
              0,00
  0
001
3975
03/05/2018
278635
       1
04/2018
488
180020206811
         84,00
 2
              0,00
              0,00
              0,00
             84,00
              0,00
  0
104
3464
07/05/2018
 99973
       2
04/2018
488
180020229845
       588,00
 3
              0,00
              0,00
              0,00
            588,00
              0,00
  0
001
0810
09/05/2018
817815
      28
04/2018
110
180020236999
     2.154,81
 6
              0,00
              0,00
              0,00
          2.154,81
              0,00
  0
237
23769051
14/05/2018
116312
       7
05/2018
422
183030177124
           0,00
 4
              0,00
              0,00
              0,00
             15,00
             15,00
  0
   2064780
total do mês
          2.909,81
104
2812
05/07/2018
101828
      28
05/2018
434
180020340450
       109,63
 3
              0,00
              0,00
              0,00
            109,63
              0,00
  0
001
0810
11/07/2018
828902
       2
06/2018
110
180020347289
     1.098,65
 6
              0,00
              0,00
              0,00
          1.098,65
              0,00
  0
001
0810
23/07/2018
283708
       5
05/2018
488
180020307834
       629,08
 2
              0,00
              0,00
              0,00
            629,08
              0,00
  0
total do mês
          1.837,36
104
0644
08/08/2018
102854
       6
08/2018
434
180020395070
         87,70
 3
              0,00
              0,00
              0,00
             87,70
              0,00
  0
104
0644
08/08/2018
102854
       7
08/2018
434
180020395051
         87,70
 3
              0,00
              0,00
              0,00
             87,70
              0,00
  0
104
2812
08/08/2018
 18499
       1
01/2017
613
180020398534
       775,55
 4
              0,00
              0,00
              0,00
            775,55
              0,00
  0
fonte: siat - coare/sefaz - emitido em:
segunda feira, 9 de outubro de 2023 - 11h 06m
usuário:
8674418   
página     1
de
18
15m - registro 15 minutos não consolidado  /  dev -  devolução
data
hora
prog.
11:06:33
09/10/23
período: 01/01/18 a 09/10/23
governo do estado do tocantins
secretaria da fazenda
diretoria da receita
coordenadoria de arrecadação
relatório de arrecadação por
contribuinte        
raarlcon
cnpj / cpf:
inscrição estadual:
renavan:
                  
29.416.724-2
nome / razão social: viaçao norte express ltda                                   
banco
agencia
data
nsa
nsr
per. ref
trib.
nosso num
valor total
conv
multa
juros
atualização
principal
tse
doc. origem
parcela
104
2812
08/08/2018
 18499
       2
09/2015
613
180020398472
       183,26
 4
              0,00
              0,00
              0,00
            183,26
              0,00
  0
001
0810
08/08/2018
284861
       2
04/2018
488
180020399004
       248,90
 2
              0,00
              0,00
              0,00
            248,90
              0,00
  0
001
1305
08/08/2018
284838
       2
07/2018
488
180020399162
       629,08
 2
              0,00
              0,00
              0,00
            629,08
              0,00
  0
001
1305
08/08/2018
284838
       8
08/2018
434
180020395090
       109,63
 2
              0,00
              0,00
              0,00
            109,63
              0,00
  0
001
0810
08/08/2018
284861
       1
08/2018
434
180020395004
         87,70
 2
              0,00
              0,00
              0,00
             87,70
              0,00
  0
001
1305
09/08/2018
284946
       3
06/2018
488
180020399099
       629,08
 2
              0,00
              0,00
              0,00
            629,08
              0,00
  0
001
0810
09/08/2018
834078
       5
07/2018
110
180020402534
     2.063,95
 6
              0,00
              0,00
              0,00
          2.063,95
              0,00
  0
001
0810
14/08/2018
285168
      12
08/2018
434
180020410119
       109,63
 2
              0,00
              0,00
              0,00
            109,63
              0,00
  0
104
2812
28/08/2018
103477
       6
08/2018
434
180020532896
         87,70
 3
              0,00
              0,00
              0,00
             87,70
              0,00
  0
total do mês
          5.099,88
001
0810
10/09/2018
839674
      17
08/2018
110
180020558251
     1.905,54
 6
              0,00
              0,00
              0,00
          1.905,54
              0,00
  0
104
2812
17/09/2018
104040
      17
09/2018
434
180020570569
       109,63
 3
              0,00
              0,00
              0,00
            109,63
              0,00
  0
104
2812
24/09/2018
 18871
       2
09/2018
860
183030433436
       567,46
 4
              0,00
            108,88
             37,43
            713,77
              0,00
  0
2018/2552/504020
total do mês
          2.728,94
001
0810
09/10/2018
844794
       9
09/2018
110
000000000000
       944,37
 6
              0,00
              0,00
              0,00
            944,37
              0,00
  0
237
23769051
18/10/2018
117860
      67
10/2018
434
180020626446
       109,63
 4
              0,00
              0,00
              0,00
            109,63
              0,00
  0
104
2812
18/10/2018
104979
       2
10/2018
434
180020625721
         87,70
 3
              0,00
              0,00
              0,00
             87,70
              0,00
  0
237
23769051
18/10/2018
117860
      66
10/2018
434
180020626672
       109,63
 4
              0,00
              0,00
              0,00
            109,63
              0,00
  0
237
23769051
18/10/2018
117860
      68
10/2018
434
180020626416
       109,63
 4
              0,00
              0,00
              0,00
            109,63
              0,00
  0
001
0554
24/10/2018
289475
      12
10/2018
434
180020634057
         87,70
 2
              0,00
              0,00
              0,00
             87,70
              0,00
  0
104
0610
30/10/2018
105320
      14
09/2018
488
180020645638
       654,88
 3
              0,00
              0,00
              0,00
            654,88
              0,00
  0
104
0610
30/10/2018
105320
      15
08/2018
488
180020645627
       654,88
 3
              0,00
              0,00
              0,00
            654,88
              0,00
  0
104
3464
31/10/2018
105363
      24
10/2018
434
180020649986
       109,63
 3
              0,00
              0,00
              0,00
            109,63
              0,00
  0
total do mês
          2.868,05
001
0810
09/11/2018
850294
       6
10/2018
110
180020670176
     2.041,27
 6
              0,00
              0,00
              0,00
          2.041,27
              0,00
  0
104
2812
12/11/2018
105657
       1
11/2018
422
183030480331
         15,00
 3
              0,00
              0,00
              0,00
             15,00
              0,00
  0
001
0810
28/11/2018
853630
       1
11/2018
180
180060156651
       478,25
 6
              0,00
              0,00
              0,00
            493,25
             15,00
  1
ppd nº     8
total do mês
          2.549,52
104
2812
07/12/2018
106488
       1
12/2018
434
180020709928
         87,70
 3
              0,00
              0,00
              0,00
             87,70
              0,00
  0
001
0810
10/12/2018
855803
       8
11/2018
110
180020725080
     2.688,42
 6
              0,00
              0,00
              0,00
          2.688,42
              0,00
  0
fonte: siat - coare/sefaz - emitido em:
segunda feira, 9 de outubro de 2023 - 11h 06m
usuário:
8674418   
página     2
de
18
15m - registro 15 minutos não consolidado  /  dev -  devolução
data
hora
prog.
11:06:33
09/10/23
período: 01/01/18 a 09/10/23
governo do estado do tocantins
secretaria da fazenda
diretoria da receita
coordenadoria de arrecadação
relatório de arrecadação por
contribuinte        
raarlcon
cnpj / cpf:
inscrição estadual:
renavan:
                  
29.416.724-2
nome / razão social: viaçao norte express ltda                                   
banco
agencia
data
nsa
nsr
per. ref
trib.
nosso num
valor total
conv
multa
juros
atualização
principal
tse
doc. origem
parcela
001
0810
21/12/2018
857733
       5
11/2018
180
180060156692
       478,25
 6
              0,00
              0,00
              0,00
            493,25
             15,00
  2
ppd nº     8
total do mês
          3.269,37
104
4381
07/01/2019
107301
       8
01/2019
422
193030004152
         15,00
 3
              0,00
              0,00
              0,00
             15,00
              0,00
  0
total do mês
             15,00
104
2812
21/02/2019
 98250
       3
11/2018
180
190060015297
       478,25
 1
             47,86
              9,57
              0,33
            551,01
             15,00
  3
ppd nº     8
total do mês
            551,01
104
2812
11/03/2019
109260
       7
03/2019
422
193030070762
         15,00
 3
              0,00
              0,00
              0,00
             15,00
              0,00
  0
237
23769051
12/03/2019
119228
      35
03/2019
434
190020154677
       109,63
 4
              0,00
              0,00
              0,00
            109,63
              0,00
  0
001
0810
22/03/2019
873837
       6
11/2018
180
190060015298
       478,25
 6
              0,96
              4,78
              0,00
            498,99
             15,00
  4
ppd nº     8
total do mês
            623,62
001
0810
01/04/2019
299291
       7
11/2018
488
190020168955
       654,88
 2
              0,00
              0,00
              0,00
            654,88
              0,00
  0
001
0810
01/04/2019
299291
       8
12/2018
488
190020168966
       654,88
 2
              0,00
              0,00
              0,00
            654,88
              0,00
  0
001
0810
01/04/2019
299291
       6
10/2018
488
190020169108
       654,88
 2
              0,00
              0,00
              0,00
            654,88
              0,00
  0
104
2812
03/04/2019
110003
      13
01/2019
488
190020168985
       654,88
 3
              0,00
              0,00
              0,00
            654,88
              0,00
  0
237
23769051
05/04/2019
119487
       7
03/2019
488
190020169007
       654,88
 4
              0,00
              0,00
              0,00
            654,88
              0,00
  0
237
23769051
05/04/2019
119487
       8
02/2019
488
190020168997
       654,88
 4
              0,00
              0,00
              0,00
            654,88
              0,00
  0
001
0810
09/04/2019
877039
      11
03/2019
110
190020210378
     2.809,21
 6
              0,00
              0,00
              0,00
          2.809,21
              0,00
  0
001
0810
15/04/2019
878087
       6
01/2019
110
190020229555
     3.338,03
 6
            341,60
            102,48
             77,94
          3.875,05
             15,00
  0
001
0810
15/04/2019
878087
       4
12/2018
110
190020229591
     3.471,73
 6
            355,52
            142,21
             83,51
          4.067,97
             15,00
  0
001
0810
15/04/2019
878088
       1
11/2018
110
190020229523
       252,00
 6
             25,69
             12,85
              4,90
            310,44
             15,00
  0
001
0810
17/04/2019
878418
       4
02/2019
110
000000000000
     2.769,97
 6
            282,20
             62,71
             20,70
          3.135,58
              0,00
  0
total do mês
         18.127,53
237
23769051
06/05/2019
119764
      19
05/2019
434
190020269664
         87,70
 4
              0,00
              0,00
              0,00
             87,70
              0,00
  0
001
1305
06/05/2019
301568
       6
04/2019
488
190020169016
       654,88
 2
              0,00
              0,00
              0,00
            654,88
              0,00
  0
001
0810
08/05/2019
882193
       1
04/2019
110
190020279656
     3.587,75
 6
              0,00
              0,00
              0,00
          3.587,75
              0,00
  0
total do mês
          4.330,33
237
23769051
04/06/2019
120056
      71
06/2019
434
190020334518
         87,70
 4
              0,00
              0,00
              0,00
             87,70
              0,00
  0
001
0810
10/06/2019
888027
      25
05/2019
110
190020342946
     3.281,09
 6
              0,00
              0,00
              0,00
          3.281,09
              0,00
  0
001
0810
10/06/2019
888043
      10
11/2018
180
190060049701
       478,25
 6
             48,77
             14,63
              9,47
            566,12
             15,00
  5
ppd nº     8
fonte: siat - coare/sefaz - emitido em:
segunda feira, 9 de outubro de 2023 - 11h 06m
usuário:
8674418   
página     3
de
18
15m - registro 15 minutos não consolidado  /  dev -  devolução
