1 - gustavo carlos bottoni material de construcao ltda
filial:
data
vales
conta cli.
dinheiro cheques
c. débito
c. crédito
parc.
outros
total
caixa:
1 - caixa loja
c. conv.
pix
01/08/2023
0,00
100,00
0,00
762,80
0,00
0,00
0,00
0,00
1.889,20
0,00
1.026,40
02/08/2023
0,00
424,30
0,00
3.239,95
7.847,47
0,00
0,00
0,00 13.958,05
0,00
2.446,33
03/08/2023
0,00
0,00
0,00
2.300,66
1.207,80
0,00
8.519,55
0,00 12.119,01
0,00
91,00
04/08/2023
0,00
0,00
0,00
2.273,32
1.939,00
0,00
0,00
3,50
9.434,45
0,00
5.218,63
05/08/2023
0,00
0,00
0,00
355,70
0,00
0,00
0,00
0,00
355,70
0,00
0,00
07/08/2023
0,00
1.052,00
0,00
6.905,51
1.507,47
0,00
7.204,00
0,00 18.583,24
0,00
1.914,26
08/08/2023
0,00
140,00
0,00
0,00
0,00
0,00
0,00
0,00
140,00
0,00
0,00
09/08/2023
0,00
440,00
0,00
3.842,97
6.591,44
0,00
0,00
0,00 15.660,39
0,00
4.785,98
10/08/2023
0,00
0,00
0,00
645,53
4.824,90
0,00
0,00
3.500,00 13.415,58
0,00
4.445,15
11/08/2023
0,00
0,00
0,00
1.002,20
529,40
0,00
8.280,00
436,90 10.281,00
0,00
32,50
12/08/2023
0,00
0,00
0,00
175,83
191,80
0,00
0,00
0,00
367,63
0,00
0,00
14/08/2023
0,00
0,00
0,00
4.610,52
5.509,35
0,00
0,00
156,00 10.792,87
0,00
517,00
15/08/2023
0,00
4.071,60
0,00
734,20
251,25
0,00
9.966,32
0,00 15.770,67
0,00
747,30
16/08/2023
0,00
4.212,00
0,00
2.129,26
0,00
0,00
3.214,00
0,00 19.234,86
0,00
9.679,60
17/08/2023
0,00
0,00
0,00
264,50
38,49
0,00
5.640,00
0,00
5.942,99
0,00
0,00
18/08/2023
0,00
0,00
0,00
2.816,01
329,25
0,00
0,00
79,80
3.675,06
0,00
450,00
19/08/2023
0,00
0,00
0,00
2.399,95
1.305,99
0,00
0,00
0,00
3.705,94
0,00
0,00
21/08/2023
0,00
19,80
0,00
4.089,97
3.083,30
0,00
820,00
1.160,00 66.910,51
0,00
57.737,44
22/08/2023
0,00
0,00
0,00
2.970,34
4.747,37
0,00
4.760,65
0,00 26.058,09
0,00
13.579,73
23/08/2023
0,00
18,00
0,00
6.394,43
5.646,90
0,00
562,60
0,00 19.174,14
0,00
6.552,21
24/08/2023
0,00
230,00
0,00
2.529,85
845,58
0,00
0,00
0,00
9.989,23
0,00
6.383,80
25/08/2023
0,00
0,00
0,00
6.832,00
167,00
0,00
0,00
0,00 13.944,60
0,00
6.945,60
26/08/2023
0,00
9,99
0,00
1.029,92
225,90
0,00
0,00
0,00
2.230,66
0,00
964,85
28/08/2023
0,00
0,00
0,00
230,30
213,40
0,00
3.476,81
1.851,60
6.125,20
0,00
353,09
29/08/2023
0,00
1.000,00
0,00
7.855,10
183,90
0,00 10.557,98
349,00 31.258,73
0,00
11.312,75
30/08/2023
0,00
0,00
0,00
4.840,20
1.491,06
0,00
0,00
0,00 25.376,69
0,00
19.045,43
31/08/2023
0,00
24,30
0,00
3.422,90
14.384,55
0,00
1.735,40
19.738,00 43.507,84
0,00
4.202,69
total:
0,00
11.741,99
0,00
74.653,92
63.062,57
0,00 64.737,31
27.274,
80
399.902,
33
0,00
158.431,
74
tot. geral:
0,00
11.741,99
0,00
74.653,92
63.062,57
0,00 64.737,31
27.274,
80
399.902,
33
total de registros:
27
0,00
158.431,
74
empresa:
gustavo carlos bottoni material de construcao ltda
vendas por tipo de recebimento
data inicial:
01/08/2023
data final:
31/08/2023
1
idealsoft - shop control 9
14/09/2023
08:38:59
a  coluna 'outros' considera recebimentos em conta bancária, crédito do cliente e lançamentos não identificados.
