vlr. receita
mensal.
vlr.
bruto
classificação
tipo
ppcng
 9:07
17/02/2023
usuario: fabricio
referência:01/2023
emissão :
 diops contábil
movimento
uniodonto de campos - 40251-6
faturas (pj)
irrf
desc.
acrés.
vlr.
copartic. 
vlr. ato não 
coberto
inss
iss
csll
cofins
pis
vlr.
cart.
vlr.
inscr.
cobertura
inicial
data 
emissão
emissão
coletivo empresarial
2304
emissão
 79.999,27
 80.069,28
 674,87
 0,00
 0,00
 52.048,58
 27.950,69
 0,00
 70,00
 0,00
 0,00
 0,00
 0,00
 878,94
fatura id
número
cliente/subcliente
vlr. bruto
irrf
mensal.
vlr. receita
ppcng
desc.
acrésc.
vlr.
cart.
vlr. copartic.
vlr. ato não 
coberto
vlr.
inscr.
inss
iss
csll
cofins
pis
cobertura
inicial
data 
emissão
 174.397
(70468) 130832/2ass dos func. da fund. benedito pereira nu
 592,35
 0,00
 592,35
 305,73
 286,62
 0,00
 0,00
 0,00
 0,00
 0,00
 0,00
 0,00
 0,00
 0,00
04/01/2023
16/01/2023
 174.398
(70469) 130833/2unimed cooperativa de trabalho medico
 14.325,83
 0,00
 14.325,83
 14.325,83
 0,00
 0,00
 0,00
 0,00
 0,00
 0,00
 429,77
 0,00
 0,00
 0,00
04/01/2023
01/01/2023
 174.399
(70470) 130834/2ultramed servicos medicos ltda
 184,86
 0,00
 184,86
 53,67
 131,19
 0,00
 0,00
 0,00
 0,00
 0,00
 5,55
 0,00
 0,00
 0,00
04/01/2023
23/01/2023
 174.400
(70467) 130835/2cafe de la paix comercio de alimentos ltda
 62,07
 0,00
 62,07
 16,02
 46,05
 0,00
 0,00
 0,00
 0,00
 0,00
 0,00
 0,00
 0,00
 0,00
04/01/2023
24/01/2023
 174.401
(70471) 130836/2inovar papelaria e festas ltda - epp
 52,22
 0,00
 52,22
 3,37
 48,85
 0,00
 0,00
 0,00
 0,00
 0,00
 0,00
 0,00
 0,00
 0,00
04/01/2023
30/01/2023
 174.402
(70472) 130837/2conenge engenharia ltda
 113,10
 0,00
 113,10
 113,10
 0,00
 0,00
 0,00
 0,00
 0,00
 0,00
 3,39
 0,00
 0,00
 0,00
04/01/2023
01/01/2023
 174.403
(70473) 130838/2barbosa e freire ltda
 961,78
 0,00
 961,78
 124,10
 837,68
 0,00
 0,00
 0,00
 0,00
 0,00
 0,00
 0,00
 0,00
 0,00
04/01/2023
28/01/2023
 174.404
(70474) 130839/2recopel distribuidora de papeis e plastico
 153,48
 0,00
 153,48
 9,90
 143,58
 0,00
 0,00
 0,00
 0,00
 0,00
 0,00
 0,00
 0,00
 0,00
04/01/2023
30/01/2023
 174.405
(70475) 130840/2itagoita motos vasconcelos ltda - me
 47,18
 0,00
 47,18
 3,04
 44,14
 0,00
 0,00
 0,00
 0,00
 0,00
 0,00
 0,00
 0,00
 0,00
04/01/2023
30/01/2023
 174.406
(70476) 130841/2petrosfarma ltda
 520,02
 0,00
 520,02
 520,02
 0,00
 0,00
 0,00
 0,00
 0,00
 0,00
 0,00
 0,00
 0,00
 0,00
04/01/2023
01/01/2023
 174.407
(70477) 130842/2clinica santa maria ltda
 338,60
 0,00
 338,60
 65,54
 273,06
 0,00
 0,00
 0,00
 0,00
 0,00
 10,16
 0,00
 0,00
 0,00
04/01/2023
26/01/2023
 174.408
(70478) 130843/2vasconcelos e faria comercio de roupas 
 46,24
 0,00
 46,24
 26,85
 19,39
 0,00
 0,00
 0,00
 0,00
 0,00
 0,00
 0,00
 0,00
 0,00
04/01/2023
14/01/2023
 174.409
(70479) 130844/2camara de dirigentes lojistas de campos
 150,00
 0,00
 150,00
 135,48
 14,52
 0,00
 0,00
 0,00
 0,00
 0,00
 4,50
 0,00
 0,00
 0,00
04/01/2023
04/01/2023
 174.410
(70480) 130845/2rad med diagnostico por imagem ltda
 316,12
 0,00
 316,12
 61,18
 254,94
 0,00
 0,00
 0,00
 0,00
 0,00
 9,48
 0,00
 0,00
 0,00
04/01/2023
26/01/2023
 174.411
(70481) 130846/2s bukovski eireli
 835,98
 0,00
 835,98
 512,37
 323,61
 0,00
 0,00
 0,00
 0,00
 0,00
 0,00
 0,00
 0,00
 0,00
04/01/2023
13/01/2023
 174.412
(70482) 130847/2j.m cardoso servicos contabeis ltda
 228,42
 0,00
 228,42
 66,32
 162,10
 0,00
 0,00
 0,00
 0,00
 0,00
 0,00
 0,00
 0,00
 0,00
04/01/2023
23/01/2023
 174.413
(70483) 130848/2evane azeredo de souza-me
 127,30
 0,00
 127,30
 106,77
 20,53
 0,00
 0,00
 0,00
 0,00
 0,00
 0,00
 0,00
 0,00
 0,00
04/01/2023
06/01/2023
 174.414
(70484) 130849/2sarce empreendimentos e incorporacoes
 49,70
 0,00
 49,70
 17,64
 32,06
 0,00
 0,00
 0,00
 0,00
 0,00
 0,00
 0,00
 0,00
 0,00
04/01/2023
21/01/2023
 174.415
(70485) 130850/2water beat roupas ltda - me
 115,60
 0,00
 115,60
 22,37
 93,23
 0,00
 0,00
 0,00
 0,00
 0,00
 0,00
 0,00
 0,00
 0,00
04/01/2023
26/01/2023
 174.416
(70486) 130851/2bastos barbosa distribuidora de alimento
 203,56
 0,00
 203,56
 190,43
 13,13
 0,00
 0,00
 0,00
 0,00
 0,00
 0,00
 0,00
 0,00
 0,00
04/01/2023
03/01/2023
 174.417
(70487) 130852/2le lion industria e comercio de confecco
 135,38
 0,00
 135,38
 17,47
 117,91
 0,00
 0,00
 0,00
 0,00
 0,00
 0,00
 0,00
 0,00
 0,00
04/01/2023
28/01/2023
 174.418
(70488) 130853/2cesar queiroz contabilidade e assessoria
 861,90
 0,00
 861,90
 778,49
 83,41
 0,00
 0,00
 0,00
 0,00
 0,00
 0,00
 0,00
 0,00
 0,00
04/01/2023
04/01/2023
 174.419
(70489) 130854/2associacao de pais e amigos dos excepcio
 137,46
 0,00
 137,46
 137,46
 0,00
 0,00
 0,00
 0,00
 0,00
 0,00
 0,00
 0,00
 0,00
 0,00
04/01/2023
01/01/2023
 174.420
(70490) 130855/2a joia nobre ltda - epp
 636,19
 0,00
 636,19
 636,19
 0,00
 0,00
 0,00
 0,00
 0,00
 0,00
 0,00
 0,00
 0,00
 0,00
04/01/2023
01/01/2023
 174.421
(70491) 130856/2broker lagosnorte representacao e log
 625,59
 0,00
 625,59
 585,23
 40,36
 0,00
 0,00
 0,00
 0,00
 0,00
 0,00
 0,00
 0,00
 0,00
04/01/2023
03/01/2023
 174.422
(70492) 130857/2cara distribuicao e logistica ltda
 1.019,48
 0,00
 1.019,48
 953,71
 65,77
 0,00
 0,00
 0,00
 0,00
 0,00
 0,00
 0,00
 0,00
 0,00
04/01/2023
03/01/2023
 174.423
(70493) 130858/2luporfer comercio de drogas e medicame
 440,23
 0,00
 440,23
 411,83
 28,40
 0,00
 0,00
 0,00
 0,00
 0,00
 0,00
 0,00
 0,00
 0,00
04/01/2023
03/01/2023
 174.424
(70494) 130859/2centro da crianca arte e educacao - eirel
 956,12
 0,00
 956,12
 801,91
 154,21
 0,00
 0,00
 0,00
 0,00
 0,00
 0,00
 0,00
 0,00
 0,00
04/01/2023
06/01/2023
 174.425
(70495) 130860/2dms da silva empreendimentos eireli
 166,10
 0,00
 166,10
 155,38
 10,72
 0,00
 0,00
 0,00
 0,00
 0,00
 0,00
 0,00
 0,00
 0,00
04/01/2023
03/01/2023
 174.426
(70496) 130861/2lindumas contabilidade eireli
 120,00
 0,00
 120,00
 112,26
 7,74
 0,00
 0,00
 0,00
 0,00
 0,00
 0,00
 0,00
 0,00
 0,00
04/01/2023
03/01/2023
 174.464
130899/2023
barcelos varejo e atacado ltda
 2.160,27
 0,00
 2.160,27
 627,18
 1.533,09
 0,00
 0,00
 0,00
 0,00
 0,00
 0,00
 0,00
 0,00
 0,00
04/01/2023
23/01/2023
 174.465
130900/2023
barcelos - matriz
 1.371,26
 0,00
 1.371,26
 663,51
 707,75
 0,00
 0,00
 0,00
 0,00
 0,00
 41,14
 0,00
 0,00
 0,00
04/01/2023
17/01/2023
 174.466
130901/2023
barcelos - alberto lamego
 583,34
 0,00
 583,34
 282,26
 301,08
 0,00
 0,00
 0,00
 0,00
 0,00
 0,00
 0,00
 0,00
 0,00
04/01/2023
17/01/2023
 174.467
130902/2023
barcelos - goytacazes
 1.208,89
 0,00
 1.208,89
 584,95
 623,94
 0,00
 0,00
 0,00
 0,00
 0,00
 0,00
 0,00
 0,00
 0,00
04/01/2023
17/01/2023
 174.468
130903/2023
barcelos - 28 de marco
 1.363,66
 0,00
 1.363,66
 659,84
 703,82
 0,00
 0,00
 0,00
 0,00
 0,00
 0,00
 0,00
 0,00
 0,00
04/01/2023
17/01/2023
 174.469
130904/2023
barcelos - plus
 731,64
 0,00
 731,64
 354,02
 377,62
 0,00
 0,00
 0,00
 0,00
 0,00
 0,00
 0,00
 0,00
 0,00
04/01/2023
17/01/2023
 174.470
130905/2023
barcelos - 13 de maio
 1.764,09
 0,00
 1.764,09
 853,59
 910,50
 0,00
 0,00
 0,00
 0,00
 0,00
 0,00
 0,00
 0,00
 0,00
04/01/2023
17/01/2023
 174.471
130906/2023
barcelos - alberto torres
 1.292,18
 0,00
 1.292,18
 625,25
 666,93
 0,00
 0,00
 0,00
 0,00
 0,00
 0,00
 0,00
 0,00
 0,00
04/01/2023
17/01/2023
 174.472
130907/2023
barcelos - guarus
 703,50
 0,00
 703,50
 340,40
 363,10
 0,00
 0,00
 0,00
 0,00
 0,00
 0,00
 0,00
 0,00
 0,00
04/01/2023
17/01/2023
 174.473
130908/2023
barcelos - bartolomeu lizandro
 2.010,88
 0,00
 2.010,88
 973,01
 1.037,87
 0,00
 0,00
 0,00
 0,00
 0,00
 0,00
 0,00
 0,00
 0,00
04/01/2023
17/01/2023
página 1 de 4
 174.474
130909/2023
barcelos - br 101
 2.571,42
 0,00
 2.571,42
 1.244,24
 1.327,18
 0,00
 0,00
 0,00
 0,00
 0,00
 0,00
 0,00
 0,00
 0,00
04/01/2023
17/01/2023
 174.475
130910/2023
barcelos - tarcisio miranda
 1.881,99
 0,00
 1.881,99
 910,64
 971,35
 0,00
 0,00
 0,00
 0,00
 0,00
 0,00
 0,00
 0,00
 0,00
04/01/2023
17/01/2023
 174.476
130911/2023
barcelos - visconde rio branco
 1.931,80
 0,00
 1.931,80
 934,74
 997,06
 0,00
 0,00
 0,00
 0,00
 0,00
 0,00
 0,00
 0,00
 0,00
04/01/2023
17/01/2023
 174.477
130912/2023
barcelos - gourmet green market
 70,35
 0,00
 70,35
 34,04
 36,31
 0,00
 0,00
 0,00
 0,00
 0,00
 0,00
 0,00
 0,00
 0,00
04/01/2023
17/01/2023
 174.478
130913/2023
barcelos - sao fidelis
 98,49
 0,00
 98,49
 47,66
 50,83
 0,00
 0,00
 0,00
 0,00
 0,00
 0,00
 0,00
 0,00
 0,00
04/01/2023
17/01/2023
 174.479
130914/2023
barcelos - parque rio branco
 1.195,95
 0,00
 1.195,95
 1.195,95
 0,00
 0,00
 0,00
 0,00
 0,00
 0,00
 0,00
 0,00
 0,00
 0,00
04/01/2023
01/01/2023
 174.480
130915/2023
barcelos - atacarejo
 1.995,68
 0,00
 1.995,68
 1.995,68
 0,00
 0,00
 0,00
 0,00
 0,00
 0,00
 0,00
 0,00
 0,00
 0,00
04/01/2023
01/01/2023
 174.481
130916/2023
barcelos - em casa
 225,12
 0,00
 225,12
 225,12
 0,00
 0,00
 0,00
 0,00
 0,00
 0,00
 0,00
 0,00
 0,00
 0,00
04/01/2023
01/01/2023
 174.482
130917/2023
barcelos - green market
 1.650,40
 0,00
 1.650,40
 1.650,40
 0,00
 0,00
 0,00
 0,00
 0,00
 0,00
 0,00
 0,00
 0,00
 0,00
04/01/2023
01/01/2023
 174.483
130918/2023
barcelos - ips
 1.861,45
 0,00
 1.861,45
 1.861,45
 0,00
 0,00
 0,00
 0,00
 0,00
 0,00
 0,00
 0,00
 0,00
 0,00
04/01/2023
01/01/2023
 174.484
130919/2023
barcelos - varejo
 906,95
 0,00
 906,95
 906,95
 0,00
 0,00
 0,00
 0,00
 0,00
 0,00
 0,00
 0,00
 0,00
 0,00
04/01/2023
01/01/2023
 174.622
(70497) 131057/2plena editora grafica ltda
 955,40
 0,00
 955,40
 955,40
 0,00
 477,70
 0,00
 0,00
 0,00
 0,00
 14,33
 0,00
 0,00
 0,00
09/01/2023
01/01/2023
 174.623
(70498) 131058/2c p r borges-centro educacional ltda
 641,00
 0,00
 641,00
 351,52
 289,48
 0,00
 0,00
 0,00
 0,00
 0,00
 0,00
 0,00
 0,00
 0,00
09/01/2023
15/01/2023
 174.624
(70499) 131059/2cooperativa de credito de livre admissao 
 2.544,00
 0,00
 2.544,00
 1.723,35
 820,65
 0,00
 0,00
 0,00
 0,00
 0,00
 76,32
 0,00
 0,00
 0,00
09/01/2023
11/01/2023
 174.625
(70500) 131060/2abreu cardoso barbosa ltda
 257,68
 0,00
 257,68
 174,56
 83,12
 128,84
 0,00
 0,00
 0,00
 0,00
 0,00
 0,00
 0,00
 0,00
09/01/2023
11/01/2023
 174.626
(70501) 131061/2c.g.p de abreu da mata
 69,36
 0,00
 69,36
 8,95
 60,41
 0,00
 0,00
 0,00
 0,00
 0,00
 0,00
 0,00
 0,00
 0,00
09/01/2023
28/01/2023
 174.627
(70502) 131062/2r.p. pereira
 100,75
 0,00
 100,75
 74,75
 26,00
 0,00
 0,00
 0,00
 0,00
 0,00
 0,00
 0,00
 0,00
 0,00
09/01/2023
09/01/2023
 174.628
(70503) 131063/2c a ribeiro rodrigues me
 366,25
 0,00
 326,25
 178,91
 147,34
 0,00
 0,00
 40,00
 0,00
 0,00
 0,00
 0,00
 0,00
 0,00
09/01/2023
15/01/2023
 174.629
(70504) 131064/2emprecom tintas e empreendimentos come
 326,25
 0,00
 326,25
 178,91
 147,34
 0,00
 0,00
 0,00
 0,00
 0,00
 0,00
 0,00
 0,00
 0,00
09/01/2023
15/01/2023
 174.630
(70505) 131065/2nova campos ltda
 67,17
 0,00
 67,17
 10,83
 56,34
 0,00
 0,00
 0,00
 0,00
 0,00
 0,00
 0,00
 0,00
 0,00
09/01/2023
27/01/2023
 174.631
(70506) 131066/2tubarao branco tubos e conexoes ltda
 224,00
 0,00
 224,00
 173,42
 50,58
 0,00
 0,00
 0,00
 0,00
 0,00
 0,00
 0,00
 0,00
 0,00
09/01/2023
08/01/2023
 174.632
(70507) 131067/2luiz fernando gomes de abreu 08088949785
 208,00
 0,00
 208,00
 46,97
 161,03
 0,00
 0,00
 0,00
 0,00
 0,00
 0,00
 0,00
 0,00
 0,00
09/01/2023
25/01/2023
 174.705
(70508) 131140/2orly veiculos e pecas s. a.
 343,20
 0,00
 343,20
 265,70
 77,50
 0,00
 0,00
 0,00
 0,00
 0,00
 0,00
 0,00
 0,00
 0,00
10/01/2023
08/01/2023
 174.706
(70509) 131141/2recreio veiculos s. a.
 71,85
 0,00
 71,85
 30,13
 41,72
 0,00
 0,00
 0,00
 0,00
 0,00
 2,16
 0,00
 0,00
 0,00
10/01/2023
19/01/2023
 174.707
(70510) 131142/2orly veiculos e pecas s. a.
 68,64
 0,00
 68,64
 68,64
 0,00
 0,00
 0,00
 0,00
 0,00
 0,00
 0,00
 0,00
 0,00
 0,00
10/01/2023
01/01/2023
 174.781
(70511) 131216/2unicred regional norte lagos cooperativ
 3.416,29
 0,00
 3.416,29
 2.314,26
 1.102,03
 68,33
 0,00
 0,00
 0,00
 0,00
 100,44
 0,00
 0,00
 0,00
12/01/2023
11/01/2023
 174.782
(70512) 131217/2centro educacional crianca travessa ltd
 189,42
 0,00
 189,42
 67,21
 122,21
 0,00
 0,00
 0,00
 0,00
 0,00
 0,00
 0,00
 0,00
 0,00
12/01/2023
21/01/2023
 174.783
(70513) 131218/2mf da silva e silva ltda
 144,60
 0,00
 144,60
 130,61
 13,99
 0,00
 0,00
 0,00
 0,00
 0,00
 0,00
 0,00
 0,00
 0,00
12/01/2023
04/01/2023
 174.784
(70514) 131219/2via minas comunicacao ltda-me
 119,40
 0,00
 119,40
 46,22
 73,18
 0,00
 0,00
 0,00
 0,00
 0,00
 0,00
 0,00
 0,00
 0,00
12/01/2023
20/01/2023
 174.785
(70515) 131220/2avenida 28
 406,08
 0,00
 406,08
 261,99
 144,09
 0,00
 0,00
 0,00
 0,00
 0,00
 12,18
 0,00
 0,00
 0,00
12/01/2023
12/01/2023
 174.786
(70516) 131221/2j m maxwell panificadora ltda
 391,69
 0,00
 391,69
 227,43
 164,26
 0,00
 0,00
 0,00
 0,00
 0,00
 0,00
 0,00
 0,00
 0,00
12/01/2023
14/01/2023
 174.787
(70517) 131222/2mitra diocesana de campos
 377,26
 0,00
 377,26
 146,04
 231,22
 0,00
 0,00
 0,00
 0,00
 0,00
 0,00
 0,00
 0,00
 0,00
12/01/2023
20/01/2023
 174.788
(70518) 131223/2cooperativa de trabalho educacional col
 785,36
 0,00
 785,36
 278,68
 506,68
 0,00
 0,00
 0,00
 0,00
 0,00
 0,00
 0,00
 0,00
 0,00
12/01/2023
21/01/2023
 174.790
(70520) 131225/2remauto i l auto pecas ltda - me
 300,56
 0,00
 300,56
 9,70
 290,86
 0,00
 0,00
 0,00
 0,00
 0,00
 0,00
 0,00
 0,00
 0,00
12/01/2023
31/01/2023
 174.791
(70521) 131226/2e j e escola de educacao infantil ltda - me
 229,24
 0,00
 229,24
 162,69
 66,55
 0,00
 0,00
 0,00
 0,00
 0,00
 0,00
 0,00
 0,00
 0,00
12/01/2023
10/01/2023
 174.792
(70522) 131227/2alvaro a miranda tecnologia servicos e so
 194,53
 0,00
 194,53
 119,23
 75,30
 0,00
 0,00
 0,00
 0,00
 0,00
 0,00
 0,00
 0,00
 0,00
12/01/2023
13/01/2023
 174.793
(70523) 131228/2edr solucoes empresariais ltda
 167,58
 0,00
 167,58
 91,90
 75,68
 0,00
 0,00
 0,00
 0,00
 0,00
 0,00
 0,00
 0,00
 0,00
12/01/2023
15/01/2023
 174.893
(70525) 131328/2j rosa gomes - me
 55,96
 0,00
 55,96
 52,35
 3,61
 0,00
 0,00
 0,00
 0,00
 0,00
 0,00
 0,00
 0,00
 0,00
17/01/2023
03/01/2023
 174.894
(70526) 131329/2petrosfarma ltda
 19,26
 0,00
 19,26
 19,26
 0,00
 0,00
 0,00
 0,00
 0,00
 0,00
 0,00
 0,00
 0,00
 0,00
17/01/2023
01/01/2023
 174.895
(70527) 131330/2eduardo antonio barbosa
 531,63
 0,00
 531,63
 325,84
 205,79
 0,00
 0,00
 0,00
 0,00
 0,00
 0,00
 0,00
 0,00
 0,00
17/01/2023
13/01/2023
 174.896
(70528) 131331/2associacao dos funcionarios da fenorte 
 915,60
 0,00
 915,60
 443,03
 472,57
 0,00
 0,00
 0,00
 0,00
 0,00
 0,00
 0,00
 0,00
 0,00
17/01/2023
17/01/2023
 174.897
(70529) 131332/2edificar engenharia ltda
 127,74
 0,00
 127,74
 8,24
 119,50
 0,00
 0,00
 0,00
 0,00
 0,00
 0,00
 0,00
 0,00
 0,00
17/01/2023
30/01/2023
 174.898
(70530) 131333/2cdg centro comercial ltda
 1.041,98
 0,00
 1.041,98
 100,84
 941,14
 0,00
 0,00
 0,00
 0,00
 0,00
 31,26
 0,00
 0,00
 0,00
17/01/2023
29/01/2023
 174.899
(70531) 131334/2junta de educacao e acao social da conve
 420,80
 0,00
 420,80
 135,74
 285,06
 0,00
 0,00
 0,00
 0,00
 0,00
 0,00
 0,00
 0,00
 0,00
17/01/2023
22/01/2023
 174.900
(70532) 131335/2perfil service comercio e produtos para 
 53,94
 0,00
 53,94
 13,92
 40,02
 0,00
 0,00
 0,00
 0,00
 0,00
 0,00
 0,00
 0,00
 0,00
17/01/2023
24/01/2023
 174.901
(70533) 131336/2bios tecnologia em informatica ltda
 181,74
 0,00
 181,74
 46,90
 134,84
 0,00
 0,00
 0,00
 0,00
 0,00
 0,00
 0,00
 0,00
 0,00
17/01/2023
24/01/2023
 174.902
(70534) 131337/2cooperativa de trabalho dos profissiona
 516,48
 0,00
 516,48
 149,95
 366,53
 0,00
 0,00
 0,00
 0,00
 0,00
 0,00
 0,00
 0,00
 0,00
17/01/2023
23/01/2023
 174.930
131365/2023
fganne servicos ltda - me
 282,72
 0,00
 282,72
 82,08
 200,64
 0,00
 0,00
 0,00
 0,00
 0,00
 0,00
 0,00
 0,00
 0,00
18/01/2023
23/01/2023
 174.969
(70535) 131404/2noemia artes e presentes
 1.362,54
 0,00
 1.362,54
 43,95
 1.318,59
 0,00
 0,00
 0,00
 0,00
 0,00
 0,00
 0,00
 0,00
 0,00
23/01/2023
31/01/2023
 174.970
(70536) 131405/2messias e messias representacoes ltda
 115,83
 0,00
 115,83
 14,95
 100,88
 0,00
 0,00
 0,00
 0,00
 0,00
 0,00
 0,00
 0,00
 0,00
23/01/2023
28/01/2023
 174.971
(70537) 131406/2laboratorio de analises clinicas 3 milenio
 501,95
 0,00
 481,95
 31,09
 450,86
 0,00
 0,00
 20,00
 0,00
 0,00
 0,00
 0,00
 0,00
 0,00
23/01/2023
30/01/2023
 174.972
(70538) 131407/2delcosta recursos humanos ltda
 1.065,75
 0,00
 1.065,75
 34,38
 1.031,37
 0,00
 0,00
 0,00
 0,00
 0,00
 0,00
 0,00
 0,00
 0,00
23/01/2023
31/01/2023
 174.973
(70539) 131408/2trans eletron servicos tecnicos especia
 24,09
 0,00
 24,09
 6,99
 17,10
 0,00
 0,00
 0,00
 0,00
 0,00
 0,72
 0,00
 0,00
 0,00
23/01/2023
23/01/2023
 174.974
(70540) 131409/2l b barreto comercio de ferramentas e se
 105,00
 0,00
 105,00
 40,65
 64,35
 0,00
 0,00
 0,00
 0,00
 0,00
 0,00
 0,00
 0,00
 0,00
23/01/2023
20/01/2023
 174.975
(70541) 131410/2riomarket distribuidora de alimentos ltda
 54,12
 0,00
 54,12
 52,37
 1,75
 0,00
 0,00
 0,00
 0,00
 0,00
 0,00
 0,00
 0,00
 0,00
23/01/2023
02/01/2023
 174.976
(70542) 131411/2segmed serviços médicos ltda
 174,16
 0,00
 174,16
 95,51
 78,65
 0,00
 0,00
 0,00
 0,00
 0,00
 0,00
 0,00
 0,00
 0,00
23/01/2023
15/01/2023
 174.977
(70543) 131412/2iavi centro auditivo ltda-me
 228,42
 0,00
 228,42
 95,79
 132,63
 0,00
 0,00
 0,00
 0,00
 0,00
 0,00
 0,00
 0,00
 0,00
23/01/2023
19/01/2023
 174.978
(70544) 131413/2churrascaria gramado de campos ltda
 255,33
 0,00
 255,33
 140,02
 115,31
 0,00
 0,00
 0,00
 0,00
 0,00
 0,00
 0,00
 0,00
 0,00
23/01/2023
15/01/2023
 174.979
(70545) 131414/2zigbrum industria e comercio de roupas e
 143,70
 0,00
 143,70
 106,62
 37,08
 0,00
 0,00
 0,00
 0,00
 0,00
 0,00
 0,00
 0,00
 0,00
23/01/2023
09/01/2023
 174.980
(70546) 131415/2pita martins industria e comercio de roup
 54,00
 0,00
 54,00
 40,06
 13,94
 0,00
 0,00
 0,00
 0,00
 0,00
 0,00
 0,00
 0,00
 0,00
23/01/2023
09/01/2023
 174.981
(70547) 131416/2fonseca e fonseca ltda
 196,35
 0,00
 196,35
 63,34
 133,01
 0,00
 0,00
 0,00
 0,00
 0,00
 0,00
 0,00
 0,00
 0,00
23/01/2023
22/01/2023
 174.982
(70548) 131417/2enigma comercio de som e imagem ltda - me
 198,73
 0,00
 198,73
 38,46
 160,27
 0,00
 0,00
 0,00
 0,00
 0,00
 0,00
 0,00
 0,00
 0,00
23/01/2023
26/01/2023
página 2 de 4
 174.983
(70549) 131418/2camposcal caldeiras ltda
 253,92
 0,00
 253,92
 81,91
 172,01
 0,00
 0,00
 0,00
 0,00
 0,00
 0,00
 0,00
 0,00
 0,00
23/01/2023
22/01/2023
 174.984
(70550) 131419/2suga rapido ii limpezas industriais ltda - m
 221,65
 0,00
 221,65
 100,10
 121,55
 0,00
 0,00
 0,00
 0,00
 0,00
 0,00
 0,00
 0,00
 0,00
23/01/2023
18/01/2023
 174.985
(70551) 131420/2vargas e fonseca ltda - me
 129,00
 0,00
 129,00
 116,52
 12,48
 0,00
 0,00
 0,00
 0,00
 0,00
 0,00
 0,00
 0,00
 0,00
23/01/2023
04/01/2023
 174.986
(70552) 131421/2j nogueira e silva manutencao e servicos 
 189,36
 0,00
 189,36
 30,54
 158,82
 0,00
 0,00
 0,00
 0,00
 0,00
 0,00
 0,00
 0,00
 0,00
23/01/2023
27/01/2023
 174.987
(70553) 131422/2hemoclin clinica hematologica ltda
 915,00
 0,00
 915,00
 236,13
 678,87
 0,00
 0,00
 0,00
 0,00
 0,00
 0,00
 0,00
 0,00
 0,00
23/01/2023
24/01/2023
 174.988
(70554) 131423/2jose ricardo terra barbosa 01771460792
 80,00
 0,00
 80,00
 28,39
 51,61
 0,00
 0,00
 0,00
 0,00
 0,00
 0,00
 0,00
 0,00
 0,00
23/01/2023
21/01/2023
 175.538
(71090) 131973/2associacao fluminense de assistencia a mu
 3.642,83
 0,00
 3.632,83
 1.992,20
 1.640,63
 0,00
 0,00
 10,00
 0,00
 0,00
 109,28
 0,00
 0,00
 0,00
30/01/2023
15/01/2023
 175.539
(71091) 131974/2profine industria de aditivos minerais ltd
 941,97
 0,00
 941,97
 941,97
 0,00
 0,00
 0,00
 0,00
 0,00
 0,00
 28,26
 0,00
 0,00
 0,00
30/01/2023
01/01/2023
total 2304:
 79.999,27
 80.069,28
 52.048,58
 27.950,69
 0,00
 674,87
 0,00
 0,00
 70,00
 0,00
 0,00
 0,00
 878,94
 0,00
total coletivo empresarial:
 79.999,27
 80.069,28
 52.048,58
 27.950,69
 0,00
 674,87
 0,00
 0,00
 70,00
 0,00
 0,00
 0,00
 878,94
 0,00
coletivo por adesao
2404
emissão
 11.471,08
 11.481,08
 1.035,00
 0,00
 0,00
 4.381,93
 7.089,15
 0,00
 10,00
 0,00
 0,00
 0,00
 0,00
 0,00
fatura id
número
cliente/subcliente
vlr. bruto
irrf
mensal.
vlr. receita
ppcng
desc.
acrésc.
vlr.
cart.
vlr. copartic.
vlr. ato não 
coberto
vlr.
inscr.
inss
iss
csll
cofins
pis
cobertura
inicial
data 
emissão
 174.789
(70519) 131224/2associacao educacional beneficente sao 
 2.037,58
 0,00
 2.027,58
 1.504,33
 523,25
 0,00
 0,00
 10,00
 0,00
 0,00
 0,00
 0,00
 0,00
 0,00
12/01/2023
09/01/2023
 174.892
(70524) 131327/2ass func adm de serv  benedito pereira nu
 6.997,98
 0,00
 6.997,98
 2.483,15
 4.514,83
 1.035,00
 0,00
 0,00
 0,00
 0,00
 0,00
 0,00
 0,00
 0,00
17/01/2023
21/01/2023
 175.537
(71089) 131972/2asfenorte assoc.func.fund.est. norte flu
 2.445,52
 0,00
 2.445,52
 394,44
 2.051,08
 0,00
 0,00
 0,00
 0,00
 0,00
 0,00
 0,00
 0,00
 0,00
30/01/2023
27/01/2023
total 2404:
 11.471,08
 11.481,08
 4.381,93
 7.089,15
 0,00
 1.035,00
 0,00
 0,00
 10,00
 0,00
 0,00
 0,00
 0,00
 0,00
total coletivo por adesao:
 11.471,08
 11.481,08
 4.381,93
 7.089,15
 0,00
 1.035,00
 0,00
 0,00
 10,00
 0,00
 0,00
 0,00
 0,00
 0,00
total emissão:
 91.470,35
 91.550,36
 56.430,50
 35.039,84
 0,00
 1.709,87
 0,00
 0,00
 80,00
 0,00
 0,00
 0,00
 878,94
 0,00
página 3 de 4
