07/11/2023 18:56:21 brt
vendas por forma pagamento
posto caiçara matriz
data selecionada: fiscal
data inicial: 01/10/2023
data final: 31/10/2023
agrupamento: data
detalhar preço unitário: não
exibir cartão por administradora: sim
apurar taxas de cartões: não
dados da rede: sim
exibido por: data
27.179.654/0001-80
filial: posto caiçara matriz
ref.
quantidade
acréscimo(r$)
desconto(r$)
valor total(r$)
data:
01/10/2023
prazo
% participação
dinheiro
001
1.636,809
0,000
0,000
9.433,749
0,572
st visa débito
001
426,051
0,000
0,000
2.409,030
0,146
st visa crédito
002
507,506
0,000
0,000
2.811,701
0,170
st mastercard débito
003
540,075
0,000
0,000
3.049,440
0,185
st mastercard crédito
004
677,354
0,000
0,000
3.839,730
0,233
st elo débito
011
118,122
0,000
0,000
719,190
0,044
pix
012
358,736
0,000
0,000
2.057,930
0,125
st elo crédito
012
50,315
0,000
0,000
296,180
0,018
quinzenal +15
014
18,950
0,000
0,000
101,760
0,006
mensal + 15
015
184,858
0,000
2,510
1.093,680
0,066
mensal + 30
018
70,069
0,000
0,000
423,380
0,026
60d prazo
019
16,695
0,000
0,000
100,000
0,006
subtotal:
4.605,540
0,000
2,510
26.335,770
ref.
quantidade
acréscimo(r$)
desconto(r$)
valor total(r$)
data:
02/10/2023
prazo
% participação
dinheiro
001
2.074,023
0,000
0,000
11.919,400
0,722
st visa débito
001
392,182
0,000
0,000
2.188,070
0,133
st visa crédito
002
817,747
0,000
2,810
4.759,880
0,288
st mastercard débito
003
595,185
0,000
0,000
3.396,000
0,206
st mastercard crédito
004
891,686
0,000
0,000
4.950,310
0,300
st amex
005
13,509
0,000
0,000
72,540
0,004
st elo débito
011
198,532
0,000
0,000
1.144,360
0,069
pix
012
587,528
0,000
0,000
3.302,460
0,200
st elo crédito
012
51,748
0,000
0,000
302,720
0,018
quinzenal +15
014
129,373
0,000
7,410
744,490
0,045
mensal + 15
015
321,481
0,000
8,550
1.912,030
0,116
ticketlog
016
120,650
0,000
0,000
701,210
0,042
mensal + 30
018
223,674
0,000
1,670
1.312,070
0,080
quinzenal +20
023
1.354,012
0,000
0,000
8.588,510
0,521
ticket - up brasil
027
110,546
0,000
0,000
536,440
0,033
subtotal:
7.881,876
0,000
20,440
45.830,490
ref.
quantidade
acréscimo(r$)
desconto(r$)
valor total(r$)
data:
03/10/2023
prazo
% participação
dinheiro
001
1.876,194
0,000
0,000
11.065,740
0,671
st visa débito
001
520,614
0,000
2,410
3.164,900
0,192
st visa crédito
002
493,896
0,000
0,730
2.839,130
0,172
st mastercard débito
003
692,462
0,000
0,000
3.977,520
0,241
st mastercard crédito
004
685,515
0,000
0,000
3.883,680
0,235
st cabal crédito
007
3,080
0,000
0,000
28,000
0,002
st elo débito
011
202,926
0,000
0,000
1.151,460
0,070
pix
012
420,495
0,000
0,000
2.335,670
0,142
st elo crédito
012
77,447
0,000
0,000
426,200
0,026
quinzenal +15
014
244,237
0,000
9,530
1.513,380
0,092
mensal + 15
015
300,593
0,000
7,190
1.845,740
0,112
ticketlog
016
142,762
0,000
0,000
856,340
0,052
mensal + 30
018
235,933
0,000
0,840
1.315,990
0,080
prime
018
61,024
0,000
0,000
381,390
0,023
quinzenal +20
023
630,343
0,000
0,000
4.016,970
0,243
ticket - up brasil
027
61,626
0,000
0,000
305,050
0,018
subtotal:
6.649,147
0,000
20,700
39.107,160
ref.
quantidade
acréscimo(r$)
desconto(r$)
valor total(r$)
data:
04/10/2023
prazo
% participação
dinheiro
001
1.743,735
0,000
0,000
10.221,890
0,620
usuário: philippea
quality automação
página 1  de 16
st visa débito
001
410,292
0,000
1,850
2.468,090
0,150
st visa crédito
002
528,230
0,000
1,650
3.076,240
0,186
st mastercard débito
003
690,794
0,000
0,000
4.080,880
0,247
st mastercard crédito
004
1.002,761
0,000
0,000
5.770,550
0,350
st amex
005
28,340
0,000
0,000
152,180
0,009
st cabal débito
006
6,270
0,000
0,000
40,000
0,002
st elo débito
011
231,535
0,000
0,000
1.340,370
0,081
pix
012
607,450
0,000
0,000
3.468,900
0,210
st elo crédito
012
106,663
0,000
0,000
631,360
0,038
quinzenal +15
014
336,049
0,000
37,340
2.080,840
0,126
mensal + 15
015
493,587
0,000
17,950
3.079,490
0,187
ticketlog
016
36,328
0,000
0,000
209,980
0,013
mensal + 30
018
235,841
0,000
0,000
1.340,060
0,081
quinzenal +20
023
394,018
0,000
0,000
2.491,080
0,151
ticket - up brasil
027
10,000
0,000
0,000
63,800
0,004
subtotal:
6.861,893
0,000
58,790
40.515,710
ref.
quantidade
acréscimo(r$)
desconto(r$)
valor total(r$)
data:
05/10/2023
prazo
% participação
dinheiro
001
1.669,915
0,000
0,000
9.746,750
0,591
st visa débito
001
422,243
0,000
0,750
2.516,250
0,153
st visa crédito
002
560,249
0,000
1,890
3.158,200
0,191
st mastercard débito
003
627,373
0,000
0,000
3.690,190
0,224
st mastercard crédito
004
909,073
0,000
0,000
5.243,120
0,318
st amex
005
15,490
0,000
0,000
83,180
0,005
st elo débito
011
261,490
0,000
0,000
1.541,270
0,093
pix
012
547,235
0,000
0,000
3.127,290
0,190
st elo crédito
012
23,487
0,000
0,000
150,000
0,009
quinzenal +15
014
133,230
0,000
4,750
799,270
0,048
mensal + 15
015
292,045
0,000
0,000
1.794,990
0,109
ticketlog
016
133,939
0,000
0,000
820,070
0,050
mensal + 30
018
197,471
0,000
0,000
1.106,030
0,067
prime
018
31,348
0,000
0,000
200,000
0,012
60d prazo
019
15,650
0,000
0,000
100,000
0,006
quinzenal +20
023
436,832
0,000
0,000
2.786,970
0,169
ticket - up brasil
027
57,000
0,000
0,000
254,220
0,015
subtotal:
6.334,070
0,000
7,390
37.117,800
ref.
quantidade
acréscimo(r$)
desconto(r$)
valor total(r$)
data:
06/10/2023
prazo
% participação
dinheiro
001
1.965,510
0,000
1,410
11.449,350
0,694
st visa débito
001
723,231
0,000
0,000
4.328,430
0,262
st visa crédito
002
986,780
0,000
2,710
5.904,670
0,358
cheque a-prazo
003
277,431
0,000
0,000
1.770,000
0,107
st mastercard débito
003
805,917
0,000
0,000
4.699,820
0,285
st mastercard crédito
004
951,112
0,000
0,000
5.514,170
0,334
st amex
005
26,858
0,000
0,000
144,220
0,009
st cabal débito
006
7,825
0,000
0,000
50,000
0,003
st elo débito
011
205,604
0,000
0,000
1.223,620
0,074
pix
012
780,698
0,000
0,000
4.388,860
0,266
st elo crédito
012
81,908
0,000
0,000
484,270
0,029
quinzenal +15
014
117,165
0,000
4,440
702,130
0,043
mensal + 15
015
488,251
0,000
4,580
3.056,140
0,185
ticketlog
016
134,132
0,000
0,000
855,760
0,052
mensal + 30
018
243,664
0,000
1,570
1.302,580
0,079
prime
018
5,000
0,000
0,000
31,900
0,002
60d prazo
019
6,000
0,000
0,000
46,900
0,003
quinzenal +20
023
868,545
0,000
0,000
5.541,310
0,336
energia
024
251,248
0,000
0,000
1.603,650
0,097
ticket - up brasil
027
14,108
0,000
0,000
90,000
0,005
subtotal:
8.940,987
0,000
14,710
53.187,780
ref.
quantidade
acréscimo(r$)
desconto(r$)
valor total(r$)
data:
07/10/2023
prazo
% participação
usuário: philippea
quality automação
página 2  de 16
dinheiro
001
2.401,861
0,000
0,000
14.276,320
0,865
st visa débito
001
614,652
0,000
0,000
3.649,250
0,221
st visa crédito
002
729,431
0,000
0,000
4.364,790
0,265
st mastercard débito
003
958,124
0,000
0,000
5.765,540
0,349
st mastercard crédito
004
901,799
0,000
0,000
5.308,370
0,322
st amex
005
17,129
0,000
0,000
91,980
0,006
st elo débito
011
281,508
0,000
0,000
1.669,650
0,101
pix
012
825,450
0,000
0,000
4.759,050
0,288
st elo crédito
012
101,753
0,000
0,000
562,630
0,034
quinzenal +15
014
28,669
0,000
0,000
169,910
0,010
mensal + 15
015
171,814
0,000
0,000
1.058,410
0,064
ticketlog
016
69,717
0,000
0,000
444,790
0,027
mensal + 30
018
191,008
0,000
0,400
1.103,360
0,067
ticket - up brasil
027
7,825
0,000
0,000
50,000
0,003
subtotal:
7.300,740
0,000
0,400
43.274,050
ref.
quantidade
acréscimo(r$)
desconto(r$)
valor total(r$)
data:
08/10/2023
prazo
% participação
dinheiro
001
1.825,789
0,000
0,000
10.829,370
0,656
st visa débito
001
455,231
0,000
0,000
2.713,860
0,164
st visa crédito
002
613,337
0,000
2,380
3.598,150
0,218
cheque a-prazo
003
23,511
0,000
0,000
150,000
0,009
st mastercard débito
003
573,033
0,000
0,000
3.385,690
0,205
st mastercard crédito
004
926,048
0,000
0,000
5.497,300
0,333
st elo débito
011
302,488
0,000
0,000
1.835,310
0,111
pix
012
516,165
0,000
0,000
2.990,590
0,181
st elo crédito
012
15,650
0,000
0,000
100,000
0,006
quinzenal +15
014
56,123
0,000
0,000
358,620
0,022
mensal + 15
015
113,329
0,000
0,000
694,500
0,042
mensal + 30
018
30,043
0,000
0,400
176,760
0,011
goodcard
025
20,784
0,000
0,000
132,600
0,008
subtotal:
5.471,531
0,000
2,780
32.462,750
ref.
quantidade
acréscimo(r$)
desconto(r$)
valor total(r$)
data:
09/10/2023
prazo
% participação
dinheiro
001
1.959,126
0,000
0,000
12.831,180
0,778
st visa débito
001
664,158
0,000
2,090
3.943,280
0,239
st visa crédito
002
681,161
0,000
1,180
3.974,100
0,241
st mastercard débito
003
618,901
0,000
0,000
3.626,610
0,220
st mastercard crédito
004
981,097
0,000
0,000
5.712,820
0,346
st amex
005
29,619
0,000
0,000
159,050
0,010
st elo débito
011
276,077
0,000
0,000
1.597,280
0,097
pix
012
458,388
0,000
0,000
2.624,820
0,159
st elo crédito
012
69,661
0,000
0,000
383,560
0,023
quinzenal +15
014
372,155
0,000
50,080
2.256,540
0,137
mensal + 15
015
359,507
0,000
14,170
2.178,250
0,132
ticketlog
016
44,667
0,000
0,000
280,550
0,017
mensal + 30
018
116,759
0,000
0,000
701,940
0,043
prime
018
41,643
0,000
0,000
265,680
0,016
quinzenal +20
023
1.269,923
0,000
0,000
8.102,090
0,491
ticket - up brasil
027
10,000
0,000
0,000
44,600
0,003
subtotal:
7.952,842
0,000
67,520
48.682,350
ref.
quantidade
acréscimo(r$)
desconto(r$)
valor total(r$)
data:
10/10/2023
prazo
% participação
dinheiro
001
2.057,182
0,000
0,000
12.065,741
0,731
st visa débito
001
529,080
0,000
0,000
3.163,160
0,192
st visa crédito
002
555,162
0,000
0,750
3.227,050
0,196
cheque a-prazo
003
33,490
0,000
0,000
214,000
0,013
st mastercard débito
003
493,157
0,000
0,000
2.919,270
0,177
st mastercard crédito
004
636,292
0,000
1,430
3.629,799
0,220
st elo débito
011
275,467
0,000
0,000
1.615,590
0,098
pix
012
620,332
0,000
0,000
3.486,450
0,211
st elo crédito
012
80,556
0,000
0,000
514,020
0,031
usuário: philippea
quality automação
página 3  de 16
