rede martins facil ltda(0039)
cnpj/cpf: 05.314.561/0001-89
balancete analítico (valores em reais)
período: dezembro de 2023
emitido em: 31/01/2024
folha:
acesso
terc
classificador
nome da conta
c/c.
saldo inicial
mov.débito
mov.crédito
saldo final
00005
end.: 
rua presidente cafe filho 520-bnh - cep: 29902-400
município: 
linhares                      
uf: 
es
21000
2000000000
passivo
 30.352.131,54
  9.494.684,59
 10.950.890,31  31.808.337,26
21001
2100000000
 passivo circulante
  8.976.869,56
  9.494.684,59
 10.950.890,31  10.433.075,28
21002
2101000000
  fornecedores
  7.015.160,30
  7.827.546,36
  9.294.583,58   8.482.197,52
21003
2101010000
   fornecedores
  7.015.160,30
  7.827.546,36
  9.294.583,58   8.482.197,52
80000 071036 2101010100
    4 elos distribuidora
          0,00
          0,00
     13.396,81      13.396,81
80000 018351 2101010100
    abatedouro stange in
          0,00
          0,00
      4.657,40       4.657,40
80000 017597 2101010100
    abav-abatedouro atli
     89.279,37
    129.600,22
    193.649,16     153.328,31
80000 031782 2101010100
    acimaq equipamentos
      1.000,00
      1.000,00
          0,00           0,00
80000 064615 2101010100
    adelson miguel cosmo
          0,00
     42.267,14
     42.267,14           0,00
80000 077037 2101010100
    adriano modesto (mei
          0,00
        180,00
        180,00           0,00
80000 087961 2101010100
    adriano riberio rang
          0,00
      5.090,00
      5.090,00           0,00
80000 086198 2101010100
    agregar comercio ata
          0,00
          0,00
     11.074,18      11.074,18
80000 013701 2101010100
    agropecuaria paraizo
      5.588,00
      5.588,00
      5.590,59       5.590,59
80000 064716 2101010100
    agua de coco macena
      5.949,00
      6.826,00
      9.322,50       8.445,50
80000 051372 2101010100
    agua na boca
      3.749,06
      3.749,06
     14.720,58      14.720,58
80000 019627 2101010100
    agua pedra azul s/a
          0,00
          0,00
      6.549,83       6.549,83
80000 051110 2101010100
    air f.t junior servi
          0,00
        940,00
        940,00           0,00
80000 085818 2101010100
    ajc valdir transport
          0,00
      5.824,00
      5.824,00           0,00
80000 034310 2101010100
    ala pescados eirelli
      2.400,00
      2.400,00
          0,00           0,00
80000 092269 2101010100
    alan teodoro lecchi
          0,00
      1.027,35
      1.027,35           0,00
80000 053815 2101010100
    alcon
          0,00
     35.466,68
    106.400,02      70.933,34
80000 086452 2101010100
    ale comercio de hort
     15.900,00
     15.900,00
     33.000,00      33.000,00
80000 083422 2101010100
    alegra alimentos e b
      2.299,00
      3.874,00
      5.994,50       4.419,50
80000 044803 2101010100
    alimentos trigomais
     17.138,56
     16.154,76
     12.515,52      13.499,32
80000 037860 2101010100
    alterdata tecnologia
        562,34
        857,29
        857,29         562,34
80000 091613 2101010100
    ana paula de o. nasc
      4.815,93
          0,00
          0,00       4.815,93
80000 020596 2101010100
    angelo auricchio & c
      5.538,29
     16.594,84
     11.056,55           0,00
80000 074081 2101010100
    antonio auto peças l
      7.167,90
          0,00
          0,00       7.167,90
80000 053733 2101010100
    arabosa com.d drogas
          0,00
        112,74
        112,74           0,00
80000 045989 2101010100
    arlan gusmão aigner
          0,00
        150,00
        150,00           0,00
80000 019834 2101010100
    art papeis ltda. me
          0,00
        118,80
        118,80           0,00
80000 050878 2101010100
    as comercio e indust
      5.513,53
      6.381,03
      1.735,00         867,50
80000 091699 2101010100
    atacadez distribuiçã
      2.483,60
      2.483,60
          0,00           0,00
80000 072475 2101010100
    atacado e distribuid
          0,00
      3.236,40
      3.236,40           0,00
80000 079106 2101010100
    atmo comercializador
          0,00
     83.761,16
     83.761,16           0,00
80000 055992 2101010100
    atual cargo rastream
        552,00
        552,00
        552,00         552,00
80000 037275 2101010100
    auto eletrica sao jo
      2.651,00
      1.489,50
      3.724,00       4.885,50
80000 032797 2101010100
    auto posto linhares
     14.659,49
          0,00
          0,00      14.659,49
80000 046734 2101010100
    automax auto pecas l
          0,00
     25.555,60
     41.399,00      15.843,40
80000 018911 2101010100
    avante dist de utili
          0,00
          0,00
      6.556,48       6.556,48
80000 078470 2101010100
    avena industria de a
          0,00
          0,00
      5.174,20       5.174,20
80000 047760 2101010100
    bananas ep ltda
    162.496,00
    121.823,00
    116.444,00     157.117,00
80000 067048 2101010100
    batista comercial e
     53.941,56
     69.519,81
     49.119,80      33.541,55
80000 008012 2101010100
    belmax comercial ltd
          0,00
      9.319,95
      9.319,95           0,00
80000 026630 2101010100
    beltop dist.prod.bel
          0,00
          0,00
      5.169,24       5.169,24
80000 076493 2101010100
    bergami e diniz & ci
          0,00
          0,00
        560,85         560,85
80000 020066 2101010100
    bom peixe ind. e com
          0,00
          0,00
      4.808,00       4.808,00
80000 045198 2101010100
    bora transportes
          0,00
          0,00
        787,61         787,61
80000 033510 2101010100
    brantech sistemas de
          0,00
      1.300,94
      1.300,94           0,00
80000 017336 2101010100
    brasisal alimentos s
      9.470,00
      9.470,00
          0,00           0,00
80000 089759 2101010100
    braspel comercio de
      6.790,00
      7.380,00
      3.740,00       3.150,00
80000 033282 2101010100
    brf - brasil foods s
    124.987,69
    206.454,57
    200.061,98     118.595,10
80000 013597 2101010100
    buaiz s/a ind. e com
     28.288,10
     28.288,10
     20.682,18      20.682,18
80000 019370 2101010100
    cadis campineira dis
          0,00
          0,00
     37.976,47      37.976,47
80000 046035 2101010100
    cafe numero um s/a
      6.601,32
      6.601,32
      2.621,16       2.621,16
80000 017263 2101010100
    carlos batista delga
          0,00
      2.142,00
      2.142,00           0,00
80000 084882 2101010100
    carpim comercio e in
          0,00
          0,00
      3.840,00       3.840,00
80000 090241 2101010100
    carvao conilon ltda
      1.500,00
      1.500,00
      5.400,00       5.400,00
80000 033437 2101010100
    casa de saude são be
          0,00
      5.395,87
      5.395,87           0,00
rede martins facil ltda(0039)
cnpj/cpf: 05.314.561/0001-89
balancete analítico (valores em reais)
período: dezembro de 2023
emitido em: 31/01/2024
folha:
acesso
terc
classificador
nome da conta
c/c.
saldo inicial
mov.débito
mov.crédito
saldo final
00006
end.: 
rua presidente cafe filho 520-bnh - cep: 29902-400
município: 
linhares                      
uf: 
es
80000 068207 2101010100
    casa loucas e metais
          0,00
          0,00
         74,00          74,00
80000 078876 2101010100
    catipan industria de
          0,00
      3.354,00
      3.354,00           0,00
80000 014069 2101010100
    catuaba ind de bebid
     15.316,36
     15.316,36
     61.450,62      61.450,62
80000 013483 2101010100
    central grande vitor
  1.146.521,61
  1.413.094,13
  1.890.233,85   1.623.661,33
80000 014259 2101010100
    cereais do nico ltda
     35.632,42
     67.642,40
     81.528,61      49.518,63
80000 013442 2101010100
    cescom cesconeto com
     61.835,61
    118.676,45
     68.767,90      11.927,06
80000 078081 2101010100
    chefs winw cia de co
          0,00
          0,00
      2.874,00       2.874,00
80000 090504 2101010100
    chua distribuidora d
      5.216,78
      5.216,78
      7.115,65       7.115,65
80000 015119 2101010100
    cipriano comercio e
     19.916,98
     24.247,33
     22.121,35      17.791,00
80000 022297 2101010100
    ciss cons em infor,
     11.584,45
     11.584,45
     11.584,45      11.584,45
80000 022621 2101010100
    climeb medicina e se
          0,00
      1.622,74
      1.622,74           0,00
80000 066105 2101010100
    coelho auto center l
      3.090,67
      1.545,33
          0,00       1.545,34
80000 018555 2101010100
    colina alimentos ltd
      3.111,42
      7.263,42
      6.590,10       2.438,10
80000 019047 2101010100
    colorado distribuido
          0,00
          0,00
      2.678,00       2.678,00
80000 018936 2101010100
    com. alim.novo mexic
     27.969,77
     27.969,77
     26.085,01      26.085,01
80000 080506 2101010100
    comercial braz ltda
          0,00
      1.560,06
      1.560,06           0,00
80000 013749 2101010100
    comercial cerealista
      5.996,08
     26.900,12
     37.154,68      16.250,64
80000 014281 2101010100
    comercial chiabai lt
          0,00
          0,00
      1.564,92       1.564,92
80000 017535 2101010100
    comercial diskpan lt
     16.377,78
     20.931,69
     20.969,37      16.415,46
80000 019712 2101010100
    comercial gasperazzo
          0,00
      4.495,86
     10.194,64       5.698,78
80000 010992 2101010100
    comercial w.j.s
      3.025,87
      3.025,87
      5.200,80       5.200,80
80000 035892 2101010100
    companhia de aliment
    123.893,62
    123.893,62
     56.310,26      56.310,26
80000 021051 2101010100
    condor s/a
          0,00
     33.475,13
     33.475,13           0,00
80000 077590 2101010100
    connectronic serviço
          0,00
      1.399,60
      1.399,60           0,00
80000 019813 2101010100
    conti equip.e utilid
      3.752,00
      1.876,00
          0,00       1.876,00
80000 013105 2101010100
    coop. latic. selita
     32.245,50
     32.245,50
     82.296,00      82.296,00
80000 021047 2101010100
    cooperativa agroindu
          0,00
      7.956,00
     19.890,00      11.934,00
80000 073758 2101010100
    cooperativa agroindu
     20.040,00
     20.040,00
     66.870,00      66.870,00
80000 074698 2101010100
    cooperativa agropecu
     55.960,67
     71.145,86
     78.082,93      62.897,74
80000 074699 2101010100
    cooperativa agropecu
     10.693,72
      5.748,69
      6.920,31      11.865,34
80000 020968 2101010100
    cooperativa central
      2.072,14
      2.072,14
          0,00           0,00
80000 093043 2101010100
    cooperativa dos prod
          0,00
          0,00
      3.897,38       3.897,38
80000 073525 2101010100
    corteletti e rocom c
    273.473,57
    230.967,14
    248.348,70     290.855,13
80000 021274 2101010100
    cotrisel coop. triti
     46.869,00
     62.167,47
     93.815,00      78.516,53
80000 078980 2101010100
    cresce vendas tecnol
      2.393,30
      2.393,30
      2.393,30       2.393,30
80000 089554 2101010100
    curupira filmes ltda
      4.500,00
      9.000,00
      4.500,00           0,00
80000 021903 2101010100
    cv alimentos ltda.
    462.249,65
          0,00
          0,00     462.249,65
80000 016952 2101010100
    cv embalagens ltda m
          0,00
        600,00
        600,00           0,00
80000 088502 2101010100
    d.j. rodrigues sacar
      1.150,00
          0,00
          0,00       1.150,00
80000 086111 2101010100
    daiane schneider vel
          0,00
          0,00
      2.577,95       2.577,95
80000 093048 2101010100
    danielle miranda san
          0,00
          0,00
      5.399,00       5.399,00
80000 049450 2101010100
    danone
      4.291,96
     11.692,96
     14.681,91       7.280,91
80000 020746 2101010100
    dell computadores do
          0,00
          0,00
    108.833,28     108.833,28
80000 078191 2101010100
    detec alarmes ltda
        650,00
        650,00
      1.010,00       1.010,00
80000 021081 2101010100
    dickow & cia ltda
      8.820,00
     18.072,68
     27.758,00      18.505,32
80000 070598 2101010100
    dinamica tratamento
          0,00
      3.140,49
      3.140,49           0,00
80000 014451 2101010100
    distribuidora de beb
          0,00
    237.791,48
    237.791,48           0,00
80000 067437 2101010100
    distribuidora fonte
          0,00
          0,00
      4.674,74       4.674,74
80000 081677 2101010100
    distribuidora jupara
          0,00
          0,00
        303,80         303,80
80000 019804 2101010100
    distribuidora lauren
      8.339,32
      4.690,60
      1.996,00       5.644,72
80000 033725 2101010100
    distribuidora mercof
    485.614,00
          0,00
          0,00     485.614,00
80000 017164 2101010100
    distribuidora modenu
          0,00
      8.041,94
     23.402,04      15.360,10
80000 018091 2101010100
    distribuidora nunes
      1.110,00
          0,00
          0,00       1.110,00
80000 013832 2101010100
    distribuidora parais
     43.456,37
     43.456,37
     27.104,89      27.104,89
80000 017534 2101010100
    distribuidora pomar
          0,00
          0,00
      1.372,89       1.372,89
80000 015146 2101010100
    distrimax ltda.
          0,00
          0,00
     17.601,83      17.601,83
80000 073679 2101010100
    dj soluções contabei
          0,00
     14.170,00
     14.170,00           0,00
80000 086307 2101010100
    dm caseiros industri
      1.126,40
      1.126,40
      1.184,24       1.184,24
80000 046759 2101010100
    dmf consultoria ltda
          0,00
      2.414,67
      2.414,67           0,00
80000 053933 2101010100
    domart alimentos ltd
      4.940,13
      4.940,13
     30.976,07      30.976,07
80000 019157 2101010100
    domingos costa ind.
          0,00
          0,00
      2.657,40       2.657,40
80000 019777 2101010100
    ecocel comercio e se
          0,00
      4.603,00
      4.603,00           0,00
80000 066574 2101010100
    edna nunes borsoneli
      2.906,10
      2.906,10
          0,00           0,00
rede martins facil ltda(0039)
cnpj/cpf: 05.314.561/0001-89
balancete analítico (valores em reais)
período: dezembro de 2023
emitido em: 31/01/2024
folha:
acesso
terc
classificador
nome da conta
c/c.
saldo inicial
mov.débito
mov.crédito
saldo final
00007
end.: 
rua presidente cafe filho 520-bnh - cep: 29902-400
município: 
linhares                      
uf: 
es
80000 082839 2101010100
    edson meneses proces
          0,00
      1.100,00
      1.100,00           0,00
80000 088002 2101010100
    edson teodoro xavier
          0,00
      1.200,00
      1.200,00           0,00
80000 086581 2101010100
    eduardo dias viana d
          0,00
      4.580,14
      4.580,14           0,00
80000 034820 2101010100
    elaine oto malze
          0,00
          0,00
      1.004,40       1.004,40
80000 090255 2101010100
    eldorado distribuiçã
          0,00
          0,00
     17.505,00      17.505,00
80000 093270 2101010100
    eletrica rosetti con
          0,00
      1.080,00
      1.080,00           0,00
80000 074749 2101010100
    eliete silva paixao
        414,80
          0,00
          0,00         414,80
80000 080709 2101010100
    eloisa bernabe 67431
          0,00
          0,00
        350,00         350,00
80000 013604 2101010100
    elson's - produtos a
    111.287,87
    112.094,31
     39.921,97      39.115,53
80000 092839 2101010100
    embalados praticos
      1.525,00
      2.880,00
     11.200,00       9.845,00
80000 019255 2101010100
    embare industrias al
      6.771,10
      6.771,10
          0,00           0,00
80000 022500 2101010100
    empilhadeiras sul am
          0,00
          0,00
     92.467,73      92.467,73
80000 045612 2101010100
    emporio distribuidor
      9.090,00
      9.090,00
          0,00           0,00
80000 016412 2101010100
    erasmo berger
          0,00
     13.562,82
     26.227,44      12.664,62
80000 082924 2101010100
    f taqueti maq e fer
        228,00
        325,20
        433,95         336,75
80000 061583 2101010100
    f. dotto & cia ltda
          0,00
     27.734,00
     41.600,00      13.866,00
80000 036660 2101010100
    f.l. embalagens ltad
    301.100,19
          0,00
    108.014,45     409.114,64
80000 042278 2101010100
    f.v.dist.de carnes e
          0,00
     14.254,35
     14.254,35           0,00
80000 086874 2101010100
    fabricio martins dos
          0,00
      1.220,00
      1.220,00           0,00
80000 072196 2101010100
    ferpall tecnologia l
          0,00
        345,38
        345,38           0,00
80000 015562 2101010100
    festpan produtos par
      1.939,80
      2.508,80
      3.177,79       2.608,79
80000 065583 2101010100
    flegler e cia ltda -
      1.151,97
      2.995,12
      1.843,15           0,00
80000 017866 2101010100
    fort flex comercial
     10.120,00
     10.120,00
      1.810,00       1.810,00
80000 021930 2101010100
    forte boi ind de ali
    146.849,28
    355.465,37
    411.777,49     203.161,40
80000 092840 2101010100
    francislane pereira
        174,64
          0,00
          0,00         174,64
80000 009274 2101010100
    friagua ind.e com.de
          0,00
          0,00
        490,00         490,00
80000 084810 2101010100
    frifort comercio de
     79.048,21
    150.196,76
    136.382,40      65.233,85
80000 016926 2101010100
    frig. indl. vale do
     13.571,25
          0,00
          0,00      13.571,25
80000 027830 2101010100
    frigorifico cariacic
          0,00
     31.481,09
     31.481,09           0,00
80000 052604 2101010100
    frigorifico frilara
          0,00
          0,00
     15.827,33      15.827,33
80000 034554 2101010100
    frigorifico kinka
     65.771,12
     61.472,69
     62.964,42      67.262,85
80000 053190 2101010100
    frincarnes frigorifi
    246.340,47
          0,00
     90.222,61     336.563,08
80000 011840 2101010100
    frinense alimentos l
     13.114,26
     13.114,26
          0,00           0,00
80000 059384 2101010100
    frio e gelar refrige
      6.433,10
     16.190,10
     17.940,00       8.183,00
80000 013363 2101010100
    frisa-frig. rio doce
     40.020,54
    294.304,87
    303.839,25      49.554,92
80000 046426 2101010100
    fruticula itaparica
     10.980,50
     10.980,50
     17.955,00      17.955,00
80000 061179 2101010100
    frutisul distribuido
     11.986,70
     11.986,70
     31.017,80      31.017,80
80000 060142 2101010100
    funeraria prando
          0,00
        250,00
        250,00           0,00
80000 060609 2101010100
    g5 logistica ltda
     10.567,52
     10.567,52
          0,00           0,00
80000 017045 2101010100
    galego tintas ltda
          0,00
        374,50
        374,50           0,00
80000 090279 2101010100
    galvanizacao serrana
          0,00
          0,00
      8.587,80       8.587,80
80000 078713 2101010100
    gilberto leite vieir
      2.215,97
      2.215,97
          0,00           0,00
80000 044261 2101010100
    grafica e editora je
          0,00
        330,00
        990,00         660,00
80000 088977 2101010100
    grafica viguini ltda
        480,00
        480,00
          0,00           0,00
80000 066546 2101010100
    granjas caramuru ltd
     18.640,00
     43.195,00
     49.225,00      24.670,00
80000 061172 2101010100
    gregallon comercio e
      3.249,99
      3.249,99
      6.039,90       6.039,90
80000 017252 2101010100
    guidoni e rates ltda
      1.974,00
      1.974,00
          0,00           0,00
80000 091981 2101010100
    has food industria e
      3.928,48
      3.928,48
          0,00           0,00
80000 093044 2101010100
    hd comercio eletroni
          0,00
          0,00
        269,90         269,90
80000 059116 2101010100
    herminia maria pesso
      2.969,04
      2.969,04
      2.245,44       2.245,44
80000 083282 2101010100
    hnk ponta grossa
          0,00
          0,00
    283.031,10     283.031,10
80000 016921 2101010100
    hotel rancho linhare
          0,00
        290,00
        290,00           0,00
80000 014333 2101010100
    immel servicos mecan
          0,00
          0,00
        800,00         800,00
80000 058179 2101010100
    ind de alim santa ma
     10.398,90
     10.398,90
          0,00           0,00
80000 037882 2101010100
    ind. e com. de bebid
          0,00
          0,00
      1.793,64       1.793,64
80000 012983 2101010100
    ind.massa al.villoni
     31.664,40
     31.664,40
    133.434,30     133.434,30
80000 079293 2101010100
    industria & comercio
      5.265,27
      5.265,27
          0,00           0,00
80000 019700 2101010100
    industria de aliment
      6.467,64
      6.467,64
      3.594,48       3.594,48
80000 028538 2101010100
    industria de aliment
      8.280,98
     17.244,20
     20.776,07      11.812,85
80000 087397 2101010100
    industria de lacteos
          0,00
     27.000,09
     27.000,09           0,00
80000 074404 2101010100
    inove comercial e tr
          0,00
          0,00
      3.512,28       3.512,28
80000 077911 2101010100
    inset-lin produtos e
        500,00
        500,00
        500,00         500,00
80000 078642 2101010100
    integralmedica suple
      1.402,31
      1.402,31
          0,00           0,00
rede martins facil ltda(0039)
cnpj/cpf: 05.314.561/0001-89
balancete analítico (valores em reais)
período: dezembro de 2023
emitido em: 31/01/2024
folha:
acesso
terc
classificador
nome da conta
c/c.
saldo inicial
mov.débito
mov.crédito
saldo final
00008
end.: 
rua presidente cafe filho 520-bnh - cep: 29902-400
município: 
linhares                      
uf: 
es
80000 041276 2101010100
    ivan guimaraes lemes
          0,00
          0,00
      2.227,32       2.227,32
80000 078436 2101010100
    j a transporte
        160,83
        225,83
        674,26         609,26
80000 074752 2101010100
    j e s comercio e dis
          0,00
          0,00
      6.294,60       6.294,60
80000 075353 2101010100
    j f de almeida junio
          0,00
          0,00
        400,00         400,00
80000 073816 2101010100
    j rodrigues da silva
      1.500,00
      2.400,00
        900,00           0,00
80000 088467 2101010100
    j&b distribuidora de
     29.369,00
     23.153,00
     31.300,00      37.516,00
80000 092261 2101010100
    j.p.s comercio impor
     57.716,50
          0,00
          0,00      57.716,50
80000 019061 2101010100
    jcj4 dist de prod de
      4.122,92
          0,00
      9.965,47      14.088,39
80000 084151 2101010100
    jds distribuidora
      5.220,00
      8.770,00
      4.260,00         710,00
80000 056590 2101010100
    jg comercio
          0,00
          0,00
        583,50         583,50
80000 093144 2101010100
    jkg services constru
          0,00
      1.100,00
      1.100,00           0,00
80000 054090 2101010100
    joaquim goncalves de
          0,00
        720,00
        720,00           0,00
80000 063358 2101010100
    jose carlos ferreira
          0,00
        845,00
        845,00           0,00
80000 076309 2101010100
    jose carlos fiorot
        965,30
      2.127,60
      2.127,60         965,30
80000 089270 2101010100
    jose saraiva socieda
          0,00
      3.191,74
      3.191,74           0,00
80000 087678 2101010100
    julia oliveira marti
          0,00
      3.000,00
      3.000,00           0,00
80000 070448 2101010100
    juparana cafe ltda -
     12.963,77
     12.963,77
      6.597,10       6.597,10
80000 047098 2101010100
    jusmar moveis
      3.600,00
          0,00
          0,00       3.600,00
80000 087144 2101010100
    kerovos alimentos lt
      5.002,50
     13.702,50
     10.875,00       2.175,00
80000 022013 2101010100
    l m do nascimento ei
          0,00
          0,00
      3.804,61       3.804,61
80000 071023 2101010100
    l p dist. gelados
      4.177,62
      4.177,62
      6.259,27       6.259,27
80000 076957 2101010100
    l.v das neves
          0,00
      2.755,69
      5.511,38       2.755,69
80000 013412 2101010100
    laboratorio de anal.
          0,00
         32,00
         32,00           0,00
80000 082587 2101010100
    lactalis do brasil -
      5.370,26
      7.148,17
     11.444,55       9.666,64
80000 078810 2101010100
    laticinio delbom ltd
     17.125,23
     20.071,85
     13.878,63      10.932,01
80000 053664 2101010100
    laticinio mais vida
     17.757,26
     17.757,26
     11.629,57      11.629,57
80000 060140 2101010100
    laticinios bela vist
     35.180,58
     35.180,58
     24.996,60      24.996,60
80000 042409 2101010100
    laticinios bimbo ltd
     41.477,37
     42.723,87
      1.246,50           0,00
80000 061991 2101010100
    laticinios digudinho
      6.132,94
      6.132,94
      6.592,14       6.592,14
80000 011010 2101010100
    laticinios limilk lt
     30.281,97
     29.285,31
     53.562,61      54.559,27
80000 079130 2101010100
    laticinios mania ltd
      3.618,02
      3.618,02
      2.122,98       2.122,98
80000 041581 2101010100
    laticinios porto ale
        527,82
          0,00
          0,00         527,82
80000 027759 2101010100
    laticinios rezende l
    123.952,45
    125.234,05
     35.824,23      34.542,63
80000 070449 2101010100
    lavagnoli atacado e
     88.849,92
     88.849,92
          0,00           0,00
80000 071495 2101010100
    layber & porto ltda
      7.217,88
      7.217,88
          0,00           0,00
80000 081792 2101010100
    leal frutas ltda
     14.793,00
     20.038,00
     35.047,00      29.802,00
80000 057393 2101010100
    lima & pergher indus
     49.659,44
     48.108,13
          0,00       1.551,31
80000 075677 2101010100
    linformatica - linha
         30,40
          0,00
      1.537,00       1.567,40
80000 086199 2101010100
    linhagraos comercio
     37.741,00
     37.741,00
     21.902,00      21.902,00
80000 042531 2101010100
    lol servicos de inte
          0,00
        379,70
        379,70           0,00
80000 044223 2101010100
    loureiro distribuido
     31.625,23
     31.625,20
     34.664,20      34.664,23
80000 087235 2101010100
    lucimar welmer alime
          0,00
      1.950,61
      6.979,86       5.029,25
80000 092790 2101010100
    ludmila campo arquit
          0,00
          0,00
      1.500,00       1.500,00
80000 018988 2101010100
    luz do dia materiais
      1.161,00
      1.288,50
        584,50         457,00
80000 077017 2101010100
    m dias branco s.a. i
     28.819,47
     28.819,47
     42.545,64      42.545,64
80000 047115 2101010100
    mais sabor temperos
     14.052,13
     14.052,13
      8.520,06       8.520,06
80000 084739 2101010100
    maq clean comercio d
        760,00
        760,00
          0,00           0,00
80000 016745 2101010100
    marcos antonio berge
          0,00
          0,00
     12.844,26      12.844,26
80000 053498 2101010100
    marcos giani mello m
          0,00
        250,00
        250,00           0,00
80000 012067 2101010100
    market distribuidora
      8.982,64
      8.982,64
     14.770,18      14.770,18
80000 033911 2101010100
    marlo zucoloto me
      1.284,92
     11.820,78
     19.390,22       8.854,36
80000 087121 2101010100
    marquespan industria
     19.381,43
     65.216,02
     58.678,31      12.843,72
80000 015510 2101010100
    martins com. e serv.
          0,00
     30.219,09
     30.219,09           0,00
80000 017183 2101010100
    massas mendoncas ind
      3.259,75
      3.004,80
      3.469,32       3.724,27
80000 046033 2101010100
    master alimentos ltd
     61.095,00
     61.095,00
    101.669,00     101.669,00
80000 018849 2101010100
    mb5-comercio imp.e e
      1.461,74
     27.155,04
     34.674,17       8.980,87
80000 087134 2101010100
    meira locações de ma
      1.921,00
      1.921,00
          0,00           0,00
80000 065837 2101010100
    mel frutas comercio
     82.783,00
     85.373,00
    107.941,00     105.351,00
80000 017116 2101010100
    menelli tintas ltda
        693,12
        607,12
          0,00          86,00
80000 020875 2101010100
    mili s.a
     35.320,25
     35.320,25
     33.981,92      33.981,92
80000 092873 2101010100
    mohawk revestimentos
     29.014,37
     29.014,37
          0,00           0,00
80000 021114 2101010100
    moinhos cruzeiro do
     30.080,00
     11.280,00
          0,00      18.800,00
80000 052347 2101010100
    monte sion
     16.855,68
     20.662,22
     15.976,06      12.169,52
rede martins facil ltda(0039)
cnpj/cpf: 05.314.561/0001-89
balancete analítico (valores em reais)
período: dezembro de 2023
emitido em: 31/01/2024
folha:
acesso
terc
classificador
nome da conta
c/c.
saldo inicial
mov.débito
mov.crédito
saldo final
00009
end.: 
rua presidente cafe filho 520-bnh - cep: 29902-400
município: 
linhares                      
uf: 
es
80000 017248 2101010100
    mospel molas perini
          0,00
        380,00
        380,00           0,00
80000 073159 2101010100
    multipla distribuido
     11.250,30
     13.680,20
      8.946,15       6.516,25
80000 071570 2101010100
    multiproprocessadora
          0,00
        803,06
        803,06           0,00
80000 063938 2101010100
    multvendas dist.ltda
      4.410,26
      4.410,26
      3.950,40       3.950,40
80000 074160 2101010100
    multvendas distribui
          0,00
        934,08
      2.407,20       1.473,12
80000 091980 2101010100
    n s f industria e co
     30.000,00
     30.000,00
          0,00           0,00
80000 030963 2101010100
    nagnei schultz
     69.046,22
     69.559,07
     86.667,04      86.154,19
80000 089810 2101010100
    natielle pereira rod
          0,00
      1.455,00
      1.455,00           0,00
80000 089569 2101010100
    natural hortalicas l
        525,00
      1.600,00
      2.950,00       1.875,00
80000 019178 2101010100
    nazinha prod. alim.
          0,00
          0,00
     15.153,00      15.153,00
80000 027477 2101010100
    nestle brasil ltda
      6.115,96
     19.382,80
     23.382,79      10.115,95
80000 071474 2101010100
    nestle brasil ltda
          0,00
          0,00
      2.569,57       2.569,57
80000 091035 2101010100
    neuci gomes martins
          0,00
      3.000,00
      3.000,00           0,00
80000 077419 2101010100
    notre dame intermedi
          0,00
      2.363,10
      2.363,10           0,00
80000 074933 2101010100
    novesete distribuido
          0,00
          0,00
      3.551,81       3.551,81
80000 084779 2101010100
    oesa comercio e repr
     17.435,52
     48.414,87
     38.013,66       7.034,31
80000 057232 2101010100
    opentech servicos de
          0,00
        550,00
        550,00           0,00
80000 092270 2101010100
    ourense do brasil in
      5.442,35
      5.442,35
      1.075,55       1.075,55
80000 064842 2101010100
    oxford porcelanas
      3.121,25
      1.560,63
          0,00       1.560,62
80000 022215 2101010100
    p & l agroindustria
          0,00
          0,00
      3.672,01       3.672,01
80000 019863 2101010100
    panarri com e rep. l
          0,00
      1.070,00
      1.070,00           0,00
80000 049821 2101010100
    pandurata alimentos
     17.756,87
     17.756,87
          0,00           0,00
80000 019511 2101010100
    papelaria mil papeis
          0,00
        224,25
        224,25           0,00
80000 065838 2101010100
    pdv distribuidora de
     17.132,61
     17.132,61
     17.659,11      17.659,11
80000 050872 2101010100
    pedro paulo pedrosa
          0,00
        540,00
        540,00           0,00
80000 014104 2101010100
    pepsico do brasil lt
     37.548,87
     37.548,87
     29.538,72      29.538,72
80000 046087 2101010100
    petra de macedo advo
      2.604,06
      2.604,06
      2.604,06       2.604,06
80000 013075 2101010100
    pianna veiculos
         22,00
          0,00
        415,00         437,00
80000 058244 2101010100
    playvender distribui
      6.137,70
     17.177,62
     11.039,92           0,00
80000 015327 2101010100
    pneumax ltda
      1.867,00
      1.867,00
      1.850,00       1.850,00
80000 051122 2101010100
    polo comercio e repr
          0,00
          0,00
      1.819,03       1.819,03
80000 019015 2101010100
    polo ind.e com.de ar
          0,00
          0,00
     20.242,76      20.242,76
80000 051408 2101010100
    polyvac com de maqui
        550,00
      1.520,00
        970,00           0,00
80000 019577 2101010100
    ponto de luz comerci
        170,00
        170,00
         70,00          70,00
80000 008644 2101010100
    posto ouro negro ltd
     17.000,75
     12.510,20
     31.805,79      36.296,34
80000 087237 2101010100
    posto viena centro e
          0,00
      1.807,54
      1.807,54           0,00
80000 072470 2101010100
    posto viena ii ltda
    100.005,80
      2.725,44
     27.725,74     125.006,10
80000 010207 2101010100
    posto viena ltda
          0,00
      2.129,54
      2.129,54           0,00
80000 052295 2101010100
    power print
          0,00
          0,00
        195,00         195,00
80000 020594 2101010100
    predilecta alimentos
      8.959,77
      8.959,77
        505,07         505,07
80000 019484 2101010100
    premier temperos e c
     12.614,71
     12.614,71
      9.209,57       9.209,57
80000 079711 2101010100
    princesa do mar dist
      3.042,00
      3.042,00
          0,00           0,00
80000 067237 2101010100
    produtos alimenticio
          0,00
      1.400,95
      3.059,55       1.658,60
80000 092872 2101010100
    produvix cartoes e a
      1.320,00
      1.320,00
          0,00           0,00
80000 019170 2101010100
    prosegur brasil s/a
      4.101,40
      4.101,40
      4.271,23       4.271,23
80000 034478 2101010100
    protege equip. de pr
         47,50
         47,50
        342,50         342,50
80000 013137 2101010100
    proteinorte alimento
     40.716,30
     83.831,33
     90.499,23      47.384,20
80000 075445 2101010100
    quality pan industri
      1.851,85
      1.851,85
      1.471,01       1.471,01
80000 053332 2101010100
    qualy fruit
      4.957,50
      4.957,50
      4.792,50       4.792,50
80000 084383 2101010100
    r & r distribuidora
      3.520,00
      3.520,00
      5.792,00       5.792,00
80000 072172 2101010100
    radio fm linhares lt
      2.073,45
      2.073,45
      2.073,45       2.073,45
80000 059701 2101010100
    realcafe
     17.367,96
     17.367,96
     14.933,50      14.933,50
80000 091805 2101010100
    rede diario eireli
          0,00
        500,00
        500,00           0,00
80000 051426 2101010100
    refrig dufrio com e
      1.720,00
      1.720,00
     24.324,60      24.324,60
80000 076525 2101010100
    refriger refrigeraçã
     16.536,18
     12.189,58
          0,00       4.346,60
80000 019455 2101010100
    refrigerantes coroa
          0,00
          0,00
      9.180,65       9.180,65
80000 013576 2101010100
    restaurante sesana l
          0,00
        430,78
      1.559,05       1.128,27
80000 069442 2101010100
    reval atacado de pap
     10.899,70
     10.899,70
          0,00           0,00
80000 065275 2101010100
    ricex importacao e e
          0,00
          0,00
      6.000,82       6.000,82
80000 018431 2101010100
    rio branco alimentos
          0,00
     40.487,12
     40.487,12           0,00
80000 029334 2101010100
    rio branco alimentos
          0,00
          0,00
     10.007,97      10.007,97
80000 016662 2101010100
    rio de janeiro refre
     22.332,72
     75.272,04
     99.563,40      46.624,08
80000 090275 2101010100
    robson de araujo cli
          0,00
      2.270,00
      2.270,00           0,00
rede martins facil ltda(0039)
cnpj/cpf: 05.314.561/0001-89
balancete analítico (valores em reais)
período: dezembro de 2023
emitido em: 31/01/2024
folha:
acesso
terc
classificador
nome da conta
c/c.
saldo inicial
mov.débito
mov.crédito
saldo final
00010
end.: 
rua presidente cafe filho 520-bnh - cep: 29902-400
município: 
linhares                      
uf: 
es
80000 079357 2101010100
    rollpack industria e
          0,00
          0,00
     95.260,55      95.260,55
80000 093271 2101010100
    rosangela paiva de a
          0,00
      8.360,00
      8.360,00           0,00
80000 026128 2101010100
    rossoni & spinasse
          0,00
      2.584,00
      3.115,00         531,00
80000 092409 2101010100
    rotapecas distribuid
        630,00
        630,00
          0,00           0,00
80000 079356 2101010100
    ruginas industria co
          0,00
      1.300,00
      1.300,00           0,00
80000 081680 2101010100
    rv industria e comer
        169,95
      2.041,15
      2.675,70         804,50
80000 017102 2101010100
    rx industria comerci
      3.600,00
      3.600,00
          0,00           0,00
80000 034161 2101010100
    s j paraiso charque
          0,00
          0,00
      7.437,54       7.437,54
80000 039886 2101010100
    saboratta
      4.400,39
     30.820,75
     58.172,43      31.752,07
80000 093143 2101010100
    samanta de souza nun
          0,00
        400,00
        400,00           0,00
80000 027825 2101010100
    samp espirito santo
          0,00
     20.698,60
     20.698,60           0,00
80000 067593 2101010100
    seara alimentos ltda
     32.722,46
     32.908,78
     47.710,51      47.524,19
80000 074750 2101010100
    sellpack distribuido
     47.688,93
     47.285,41
     66.573,53      66.977,05
80000 075836 2101010100
    sem parar instituiçã
          0,00
      1.272,41
      1.272,41           0,00
80000 093200 2101010100
    sendas distribuidora
          0,00
     32.040,00
     32.040,00           0,00
80000 065793 2101010100
    sepac serrados e pas
          0,00
          0,00
     48.458,39      48.458,39
80000 079819 2101010100
    sete distribuidora d
      2.948,40
      2.948,40
      2.966,40       2.966,40
80000 052969 2101010100
    sicoob solucoes de p
          0,00
     16.809,66
     16.809,66           0,00
80000 014407 2101010100
    sistema norte de rad
          0,00
          0,00
     16.673,84      16.673,84
80000 066117 2101010100
    site eu vi em linhar
          0,00
        450,00
        450,00           0,00
80000 079226 2101010100
    smart gestao de ener
          0,00
      2.068,50
      2.068,50           0,00
80000 017574 2101010100
    sp produtos ltda.
      2.908,03
      2.908,03
      6.678,84       6.678,84
80000 045705 2101010100
    suimartin indus. e c
     68.698,95
    108.148,30
    104.072,61      64.623,26
80000 044937 2101010100
    summer fruit
      3.738,20
      3.738,20
      2.482,90       2.482,90
80000 016894 2101010100
    sun guider inc.e com
      8.977,59
      2.992,53
      2.567,42       8.552,48
80000 091759 2101010100
    super charger acesso
     12.804,00
     12.804,00
          0,00           0,00
80000 073017 2101010100
    supera inovações ltd
          0,00
      2.207,44
      2.207,44           0,00
80000 026525 2101010100
    suzano papel e celul
          0,00
     72.262,12
     72.262,12           0,00
80000 076208 2101010100
    suzimara thomaz meng
          0,00
      1.301,14
      1.301,14           0,00
80000 090767 2101010100
    t & l comercio ltda
          0,00
          0,00
     10.219,88      10.219,88
80000 013740 2101010100
    taquetti e filhos lt
        492,50
        492,50
        224,00         224,00
80000 087962 2101010100
    tecnologia bancaria
          0,00
      3.945,38
      3.945,38           0,00
80000 034490 2101010100
    teiu ind e com
          0,00
          0,00
     40.849,14      40.849,14
80000 057978 2101010100
    telecominicacoes do
          0,00
        299,98
        299,98           0,00
80000 018053 2101010100
    tem tem varejo ltda
        315,40
        315,40
        299,00         299,00
80000 020053 2101010100
    tilibra s/a-prod.de
          0,00
          0,00
     27.711,17      27.711,17
80000 045291 2101010100
    torresmo sperandio s
          0,00
      1.194,90
      2.389,79       1.194,89
80000 093039 2101010100
    transindaia transpor
          0,00
      6.000,00
      6.000,00           0,00
80000 058204 2101010100
    treinatech treinamen
          0,00
        913,07
        913,07           0,00
80000 062817 2101010100
    tres coracoes alimen
     42.913,58
     42.913,58
     56.419,88      56.419,88
80000 034026 2101010100
    trevo lacteos s.a.
     11.735,67
     15.226,54
      6.482,63       2.991,76
80000 036857 2101010100
    trigali industria e
          0,00
          0,00
     14.118,77      14.118,77
80000 081854 2101010100
    triptem comercio de
      3.398,40
      1.852,80
          0,00       1.545,60
80000 067341 2101010100
    tv gazeta
          0,00
          0,00
        776,12         776,12
80000 079020 2101010100
    unilever brasil
      4.431,75
      8.708,08
      4.736,27         459,94
80000 022253 2101010100
    unilever brasil ltda
      9.311,91
      7.381,43
          0,00       1.930,48
80000 071723 2101010100
    unilever brasil ltda
    333.886,40
    332.995,85
          0,00         890,55
80000 011363 2101010100
    unilider distribuido
    100.018,27
    189.152,35
     93.581,32       4.447,24
80000 011658 2101010100
    unimarka dist. ltda.
     46.174,81
     92.012,11
    113.781,17      67.943,87
80000 059210 2101010100
    usifrigoll comercio
          0,00
        225,00
        225,00           0,00
80000 019467 2101010100
    usina paineiras s/a
     17.281,69
     17.281,69
          0,00           0,00
80000 045617 2101010100
    venac veiculos nacio
          0,00
      1.015,00
      1.015,00           0,00
80000 093142 2101010100
    veronica franca da s
          0,00
     43.080,00
     43.080,00           0,00
80000 080703 2101010100
    vida segurança e pro
      1.047,60
      1.047,60
        862,00         862,00
80000 093201 2101010100
    villa 027 lubrifican
          0,00
          0,00
      1.084,74       1.084,74
80000 090499 2101010100
    vipcommerce sistemas
          0,00
      1.900,94
      1.900,94           0,00
80000 063648 2101010100
    vr mobilidade e tecn
          0,00
        405,34
        760,38         355,04
80000 065278 2101010100
    w a comercio e distr
          0,00
        501,91
      7.855,85       7.353,94
80000 074660 2101010100
    wig comercio de mate
          0,00
          0,00
          7,98           7,98
80000 091804 2101010100
    willycell acessorios
          0,00
      2.000,00
      2.000,00           0,00
80000 021969 2101010100
    wilso cereais ltda
     26.164,89
     26.164,89
     27.525,79      27.525,79
80000 070464 2101010100
    ws naturais industri
      7.229,44
      7.229,44
     12.717,51      12.717,51
80000 091907 2101010100
    yanaze importacao e
        165,33
          0,00
          0,00         165,33
