43 - primeira igreja reformada em vila velha
38.538.136/0001-22
01/05/2025 até 30/06/2025
cnpj:
insc est.:
período:
14:00
01/07/2025
0001
hora:
emissão:
página:
acompanhamento de entradas
código
data entrada
data emissão
nota
base cálculo
alíq.
valor
ipi
sub. trib.
isentas
outras
espécie
código
série
fornecedor
cnpj/cpf/cei/caepf
cfop
ac. uf
valor contábil
insc. est.
tipo
824
02/05/2025
02/05/2025
509,50
0,00
0,00
0,00
0,00
1198
0,00
0,00
36
65
1
campana industr30.616.407/0001-09
1-556
101 es
083980520
509,50 icms    
1
866
02/05/2025
02/05/2025
547,50
0,00
0,00
0,00
0,00
1888
0,00
0,00
36
157
2
molezao da sede 27.402.804/0001-73
1-556
101 es
083253602
547,50 icms    
total dia
1
1.057,00
0,00
0,00
0,00
0,00
0,00
1.057,00 icms    
1
856
03/05/2025
03/05/2025
58,62
0,00
0,00
0,00
0,00
297887
0,00
0,00
36
38
0
itapoa supermer 06.955.576/0001-99
1-556
101 es
082290954
211,88 icms    
28,16
0,00
0,00
0,00
21,28
17,00
125,10
icms    
1total dia
86,78
0,00
0,00
0,00
21,28
125,10
211,88 icms    
1
798
04/05/2025
04/05/2025
0,00
0,00
0,00
20
0,00
0,00
39
149 antonio marcos 31.541.813/0001-12
1-933
401 es
1.500,00
1
820
04/05/2025
04/05/2025
238,00
0,00
0,00
0,00
0,00
5299
0,00
0,00
36
18
1
santa clara gas 04.830.291/0001-04
1-407
100 es
082134065
238,00 icms    
total dia
1
238,00
0,00
0,00
0,00
0,00
0,00
1.738,00 icms    
1
804
05/05/2025
05/05/2025
0,00
0,00
0,00
26
0,00
0,00
39
151 49.746.067 franci 49.746.067/0001-69
1-933
401 es
2.039,20
total dia
1
0,00
0,00
0,00
0,00
2.039,20
1
807
07/05/2025
07/05/2025
0,00
0,00
0,00
29
0,00
0,00
39
152 32.348.779 michel32.348.779/0001-27
1-933
401 es
1.557,20
total dia
1
0,00
0,00
0,00
0,00
1.557,20
1
810
12/05/2025
12/05/2025
0,00
0,00
0,00
32
0,00
0,00
39
153 39.143.610 emmely39.143.610/0001-80
1-933
401 es
150,00
868
12/05/2025
12/05/2025
35,30
0,00
0,00
0,00
0,00
5760
0,00
0,00
36
17
0
pastore vendas e29.842.974/0001-02
1-407
101 es
083418857
35,30 icms    
1
869
12/05/2025
12/05/2025
19,80
0,00
0,00
0,00
0,00
5760
0,00
0,00
36
17
0
pastore vendas e29.842.974/0001-02
1-556
101 es
083418857
19,80 icms    
total dia
1
55,10
0,00
0,00
0,00
0,00
0,00
205,10 icms    
1
857
17/05/2025
17/05/2025
39,23
12,46
0,00
0,00
0,00
172615
0,00
0,00
36
56
0
itapoa supermer 06.955.576/0004-31
1-556
101 es
082165882
117,55 icms    
0,00
0,00
0,00
0,00
11,20
17,00
65,86
icms    
1total dia
39,23
12,46
0,00
0,00
11,20
65,86
117,55 icms    
1
836
24/05/2025
24/05/2025
63,94
0,00
0,00
0,00
0,00
15288
0,00
0,00
36
74
1
p c emb desc e pr20.327.233/0001-00
1-407
101 es
083030778
63,94 icms    
1
837
24/05/2025
24/05/2025
727,91
0,00
0,00
0,00
0,00
15288
0,00
0,00
36
74
1
p c emb desc e pr20.327.233/0001-00
1-556
101 es
083030778
727,91 icms    
858
24/05/2025
24/05/2025
45,38
0,00
0,00
0,00
0,00
172924
0,00
0,00
36
56
0
itapoa supermer 06.955.576/0004-31
1-556
101 es
082165882
134,42 icms    
1
0,00
0,00
0,00
0,00
15,14
17,00
89,04
icms    
total dia
1
837,23
0,00
0,00
0,00
15,14
89,04
926,27 icms    
1
819
27/05/2025
27/05/2025
0,00
0,00
0,00
0,00
11,37
62429
17,00
66,90
36
60
1
papelaria rainha00.412.876/0001-45
1-556
100 es
081723148
66,90 icms    
total dia
1
0,00
0,00
0,00
0,00
11,37
66,90
66,90 icms    
1
865
28/05/2025
28/05/2025
0,00
0,00
0,00
0,00
40,89
3202
17,00
240,50
36
125
0
iav - instituto a 22.941.057/0007-13
1-556
101 es
084316837
240,50 icms    
total dia
1
0,00
0,00
0,00
0,00
40,89
240,50
240,50 icms    
1
825
30/05/2025
30/05/2025
0,00
821,70
0,00
0,00
0,00
324766
0,00
0,00
36
108
1
igreja crista eva00.486.811/0003-06
2-556
100 sp
645218092117
821,70 icms    
total dia
1
0,00
821,70
0,00
0,00
0,00
0,00
821,70 icms    
1
859
31/05/2025
31/05/2025
41,27
0,00
0,00
0,00
0,00
173256
0,00
0,00
36
56
0
itapoa supermer 06.955.576/0004-31
1-556
101 es
082165882
106,20 icms    
38,21
0,00
0,00
0,00
4,53
17,00
26,72
icms    
1
860
31/05/2025
31/05/2025
326,00
0,00
0,00
0,00
0,00
45770
0,00
0,00
36
156
0
megavolts mater08.074.990/0001-14
1-556
101 es
082395110
326,00 icms    
total dia
1
405,48
0,00
0,00
0,00
4,53
26,72
432,20 icms    
1
838
04/06/2025
04/06/2025
0,00
0,00
0,00
21
0,00
0,00
39
149 antonio marcos 31.541.813/0001-12
1-933
401 es
1.500,00
sistema licenciado para andressa costa da silva cardoso - me
43 - primeira igreja reformada em vila velha
38.538.136/0001-22
01/05/2025 até 30/06/2025
cnpj:
insc est.:
período:
14:39
01/07/2025
0002
hora:
emissão:
página:
acompanhamento de entradas
código
data entrada
data emissão
nota
base cálculo
alíq.
valor
ipi
sub. trib.
isentas
outras
espécie
código
série
fornecedor
cnpj/cpf/cei/caepf
cfop
ac. uf
valor contábil
insc. est.
tipo
total dia
1
0,00
0,00
0,00
0,00
1.500,00
1
840
05/06/2025
05/06/2025
0,00
0,00
0,00
27
0,00
0,00
39
151 49.746.067 franci 49.746.067/0001-69
1-933
401 es
2.176,40
851
05/06/2025
05/06/2025
18,50
0,00
0,00
0,00
0,00
5794
0,00
0,00
36
17
0
pastore vendas e29.842.974/0001-02
1-407
101 es
083418857
18,50 icms    
1
852
05/06/2025
05/06/2025
153,50
0,00
0,00
0,00
0,00
5794
0,00
0,00
36
17
0
pastore vendas e29.842.974/0001-02
1-556
101 es
083418857
153,50 icms    
total dia
1
172,00
0,00
0,00
0,00
0,00
0,00
2.348,40 icms    
1
842
07/06/2025
07/06/2025
40,91
0,00
0,00
0,00
0,00
173585
0,00
0,00
36
56
0
itapoa supermer 06.955.576/0004-31
1-556
101 es
082165882
128,21 icms    
16,00
0,00
0,00
0,00
12,12
17,00
71,30
icms    
1total dia
56,91
0,00
0,00
0,00
12,12
71,30
128,21 icms    
1
818
13/06/2025
13/06/2025
408,10
0,00
0,00
0,00
0,00
1291
0,00
0,00
36
65
1
campana industr30.616.407/0001-09
1-556
101 es
083980520
408,10 icms    
1
839
13/06/2025
13/06/2025
0,00
0,00
0,00
30
0,00
0,00
39
152 32.348.779 michel32.348.779/0001-27
1-933
401 es
1.088,00
total dia
1
408,10
0,00
0,00
0,00
0,00
0,00
1.496,10 icms    
1
843
14/06/2025
14/06/2025
53,68
0,00
0,00
0,00
0,00
173917
0,00
0,00
36
56
0
itapoa supermer 06.955.576/0004-31
1-556
101 es
082165882
114,87 icms    
30,52
0,00
0,00
0,00
5,21
17,00
30,67
icms    
1total dia
84,20
0,00
0,00
0,00
5,21
30,67
114,87 icms    
1
844
21/06/2025
21/06/2025
74,15
3,05
0,00
0,00
0,00
174181
0,00
0,00
36
56
0
itapoa supermer 06.955.576/0004-31
1-556
101 es
082165882
150,13 icms    
1
14,03
0,00
0,00
0,00
10,02
17,00
58,90
icms    
total dia
1
88,18
3,05
0,00
0,00
10,02
58,90
150,13 icms    
1
848
24/06/2025
24/06/2025
105,90
0,00
0,00
0,00
0,00
43496
0,00
0,00
36
13
1
tinbol tintas lt 27.067.909/0006-28
1-407
101 es
083495924
105,90 icms    
total dia
1
105,90
0,00
0,00
0,00
0,00
0,00
105,90 icms    
1
847
27/06/2025
27/06/2025
0,00
0,00
0,00
0,00
40,89
3531
17,00
240,50
36
125
1
iav - instituto a 22.941.057/0007-13
1-556
101 es
084316837
240,50 icms    
849
27/06/2025
27/06/2025
246,80
0,00
0,00
0,00
0,00
25224
0,00
0,00
36
106
1
hidrofer pecas e27.306.992/0001-36
1-407
101 es
081392281
246,80 icms    
1
850
27/06/2025
27/06/2025
28,61
0,00
0,00
0,00
0,00
25224
0,00
0,00
36
106
1
hidrofer pecas e27.306.992/0001-36
1-556
101 es
081392281
28,61 icms    
total dia
1
275,41
0,00
0,00
0,00
40,89
240,50
515,91 icms    
1
845
28/06/2025
28/06/2025
44,01
0,00
0,00
0,00
0,00
174456
0,00
0,00
36
56
0
itapoa supermer 06.955.576/0004-31
1-556
101 es
082165882
83,35 icms    
0,00
0,00
0,00
0,00
6,69
17,00
39,34
icms    
1total dia
44,01
0,00
0,00
0,00
6,69
39,34
83,35 icms    
1
813
29/06/2025
29/06/2025
238,00
0,00
0,00
0,00
0,00
5334
0,00
0,00
36
18
1
santa clara gas 04.830.291/0001-04
1-407
100 es
082134065
238,00 icms    
1total dia
238,00
0,00
0,00
0,00
0,00
0,00
238,00 icms    
1
total geral
1
4.191,53
837,21
0,00
0,00
179,34
1.054,83
16.094,37 icms    
sistema licenciado para andressa costa da silva cardoso - me
