barbara bela
emitido em 20/06/24 15:50:23 por aux.finan
menu: financeiro - contas a pagar - pesquisa
vencimento: de 01/05/2024 a 31/05/2024     c.custo: 001-fabr     empresa: 001001-carvalho e ferreira      situação: 2-liquidado     todos
_fornecedor em aberto
cgc
especie
situação
título
n.fiscal emissão
vencimento
$original
$desconto
$abatimento
$líquido
atraso
$corrigido
19396191000180
duplicata
liquidado
00063422/1
    63422 23/05/24
23/05/24
       180,00
         0,00
         0,00
       180,00
       0
       180,00
       180,00
         0,00
         0,00
       180,00
       180,00
alexandre
17883006000157
duplicata
liquidado
00015894/1
    15894 09/05/24
09/05/24
       141,81
         0,00
         0,00
       141,81
       0
       141,81
       141,81
         0,00
         0,00
       141,81
       141,81
almofada
02405564000130
dinheiro
liquidado
aluguel05
        0 01/05/24
01/05/24
     4.500,00
         0,00
         0,00
     4.500,00
       1
     4.500,00
iptu05
        0 01/05/24
01/05/24
       502,90
         0,00
         0,00
       502,90
       1
       502,90
     5.002,90
         0,00
         0,00
     5.002,90
     5.002,90
alpino linhas e av
17583196000197
duplicata
liquidado
00067391/1
    67391 04/04/24
02/05/24
     1.063,98
         0,00
         0,00
     1.063,98
       0
     1.063,98
00067392/1
    67392 04/04/24
02/05/24
        86,80
         0,00
         0,00
        86,80
       0
        86,80
00067602/1
    67602 16/04/24
14/05/24
       366,01
         0,00
         0,00
       366,01
       0
       366,01
00067603/1
    67603 16/04/24
14/05/24
        70,02
         0,00
         0,00
        70,02
       0
        70,02
00067648/1
    67648 17/04/24
15/05/24
       381,29
         0,00
         0,00
       381,29
       0
       381,29
00067648/2
    67648 17/04/24
29/05/24
       381,29
         0,00
         0,00
       381,29
       0
       381,29
00067649/1
    67649 17/04/24
15/05/24
        53,37
         0,00
         0,00
        53,37
       0
        53,37
00067649/2
    67649 17/04/24
29/05/24
        53,37
         0,00
         0,00
        53,37
       0
        53,37
00067686/1
    67686 18/04/24
16/05/24
       417,79
         0,00
         0,00
       417,79
       0
       417,79
00067686/2
    67686 18/04/24
30/05/24
       417,79
         0,00
         0,00
       417,79
       0
       417,79
00067701/1
    67701 19/04/24
17/05/24
       371,23
         0,00
         0,00
       371,23
       0
       371,23
00067869/1
    67869 26/04/24
24/05/24
       582,35
         0,00
         0,00
       582,35
       0
       582,35
00067937/1
    67937 02/05/24
02/05/24
       503,35
         0,00
         0,00
       503,35
       0
       503,35
00068029/1
    68029 06/05/24
06/05/24
     1.467,98
         0,00
         0,00
     1.467,98
       0
     1.467,98
00068078/1
    68078 09/05/24
09/05/24
       687,21
         0,00
         0,00
       687,21
       0
       687,21
00068173/1
    68173 14/05/24
14/05/24
       941,49
         0,00
         0,00
       941,49
       0
       941,49
     7.845,32
         0,00
         0,00
     7.845,32
     7.845,32
americanas sa
00776574133709
duplicata
liquidado
00011437/1
    11437 08/04/24
01/05/24
        77,98
         0,00
         0,00
        77,98
       1
        77,98
        77,98
         0,00
         0,00
        77,98
        77,98
antunes
16096112000128
dinheiro
liquidado
17
        0 05/01/23
10/05/24
        90,00
         0,00
         0,00
        90,00
       0
        90,00
2024158a
        0 08/05/24
15/05/24
        90,00
         0,00
         0,00
        90,00
       0
        90,00
       180,00
         0,00
         0,00
       180,00
       180,00
arcon manutenção
13195625000106
dinheiro
liquidado
820
        0 20/05/24
21/05/24
       320,00
         0,00
         0,00
       320,00
       0
       320,00
       320,00
         0,00
         0,00
       320,00
       320,00
audaces
85236743000118
dinheiro
liquidado
220731
        0 06/05/24
25/05/24
     1.085,00
         0,00
         0,00
     1.085,00
       0
     1.085,00
     1.085,00
         0,00
         0,00
     1.085,00
     1.085,00
página 1 de 18
 pesquisa personalizada
cgc
especie
situação
título
n.fiscal emissão
vencimento
$original
$desconto
$abatimento
$líquido
atraso
$corrigido
aviamentos barro
26324665000144
duplicata
liquidado
00005794/1
     5794 15/05/24
15/05/24
       379,62
         0,00
         0,00
       379,62
       0
       379,62
00005809/1
     5809 21/05/24
21/05/24
       111,96
         0,00
         0,00
       111,96
       0
       111,96
       491,58
         0,00
         0,00
       491,58
       491,58
azul linhas aereas
09296295001301
dinheiro
liquidado
passgoian
        0 16/10/23
03/05/24
       236,54
         0,00
         0,00
       236,54
       0
       236,54
       236,54
         0,00
         0,00
       236,54
       236,54
b - sandra maria f
11362643000100
dinheiro
liquidado
11
        0 08/05/24
10/05/24
       122,95
         0,00
         0,00
       122,95
       0
       122,95
duplicata
12
        0 22/05/24
25/05/24
       760,00
         0,00
         0,00
       760,00
       0
       760,00
       882,95
         0,00
         0,00
       882,95
       882,95
bordados ltda
00689838000134
duplicata
liquidado
00001066/1
     1066 16/05/24
27/05/24
     1.438,00
         0,00
         0,00
     1.438,00
       0
     1.438,00
     1.438,00
         0,00
         0,00
     1.438,00
     1.438,00
bw9 consultoria e
46137023000143
dinheiro
liquidado
2024108
        0 06/05/24
10/05/24
       666,44
         0,00
         0,00
       666,44
       0
       666,44
       666,44
         0,00
         0,00
       666,44
       666,44
c - catia cristina
12249063000165
duplicata
liquidado
18
        0 08/05/24
10/05/24
     3.135,00
         0,00
         0,00
     3.135,00
       0
     3.135,00
18a
        0 08/05/24
10/05/24
       308,00
         0,00
         0,00
       308,00
       0
       308,00
19
        0 22/05/24
25/05/24
     2.330,00
         0,00
         0,00
     2.330,00
       0
     2.330,00
     5.773,00
         0,00
         0,00
     5.773,00
     5.773,00
c - eliane alves d
11386433000143
dinheiro
liquidado
eliane
        0 23/05/24
23/05/24
       600,00
         0,00
         0,00
       600,00
       0
       600,00
       600,00
         0,00
         0,00
       600,00
       600,00
c - margareth da c
50273624000150
duplicata
liquidado
18
        0 08/05/24
10/05/24
     4.884,00
         0,00
         0,00
     4.884,00
       0
     4.884,00
19
        0 22/05/24
25/05/24
     3.468,00
         0,00
         0,00
     3.468,00
       0
     3.468,00
     8.352,00
         0,00
         0,00
     8.352,00
     8.352,00
c - raphaela vieir
12493954610
dinheiro
liquidado
3
        0 09/05/24
10/05/24
     1.637,00
         0,00
         0,00
     1.637,00
       0
     1.637,00
     1.637,00
         0,00
         0,00
     1.637,00
     1.637,00
c - sandra maria d
14509949000126
dinheiro
liquidado
17
        0 10/05/24
10/05/24
     1.190,00
         0,00
         0,00
     1.190,00
      12
     1.190,00
duplicata
18
        0 22/05/24
25/05/24
     2.765,00
         0,00
         0,00
     2.765,00
       0
     2.765,00
     3.955,00
         0,00
         0,00
     3.955,00
     3.955,00
c - silma alves do
82384738615
duplicata
liquidado
10
        0 22/05/24
25/05/24
       360,00
         0,00
         0,00
       360,00
       0
       360,00
       360,00
         0,00
         0,00
       360,00
       360,00
caixa economica fe
duplicata
liquidado
108/01/69
        0 05/06/18
14/05/24
     2.970,47
         0,00
         0,00
     2.970,47
       0
     2.970,47
     2.970,47
         0,00
         0,00
     2.970,47
     2.970,47
camara de dirigent
17179359000170
dinheiro
liquidado
00155297
        0 01/05/24
12/05/24
     2.095,49
         0,00
         0,00
     2.095,49
       0
     2.095,49
     2.095,49
         0,00
         0,00
     2.095,49
     2.095,49
carrefour
página 2 de 18
 pesquisa personalizada
cgc
especie
situação
título
n.fiscal emissão
vencimento
$original
$desconto
$abatimento
$líquido
atraso
$corrigido
45543915001315
dinheiro
liquidado
158605
        0 05/04/24
03/05/24
       155,88
         0,00
         0,00
       155,88
       0
       155,88
       155,88
         0,00
         0,00
       155,88
       155,88
casa e video brasi
11114284011106
duplicata
liquidado
01476342/2
  1476342 05/03/24
01/05/24
       198,38
         0,00
         0,00
       198,38
       1
       198,38
       198,38
         0,00
         0,00
       198,38
       198,38
casatex tecidos e
18120528000160
duplicata
liquidado
00017875/1
    17875 24/05/24
24/05/24
       298,00
         0,00
         0,00
       298,00
       0
       298,00
       298,00
         0,00
         0,00
       298,00
       298,00
cemig distribuição
06981180000116
duplicata
liquidado
1364909881
136490988 05/04/24
17/05/24
       175,22
         0,00
         0,00
       175,22
       0
       175,22
       175,22
         0,00
         0,00
       175,22
       175,22
central pecas
32820585000182
duplicata
liquidado
00000590/4
      590 17/01/24
01/05/24
       203,09
         0,00
         0,00
       203,09
       1
       234,38
       203,09
         0,00
         0,00
       203,09
       234,38
ceo distribuidora
47156254000167
duplicata
liquidado
00006450/1
     6450 18/04/24
01/05/24
       199,99
         0,00
         0,00
       199,99
       1
       199,99
       199,99
         0,00
         0,00
       199,99
       199,99
cerzideira ltda-me
26764835000101
dinheiro
liquidado
080524
        0 08/05/24
08/05/24
        24,00
         0,00
         0,00
        24,00
       0
        24,00
813
        0 17/05/24
17/05/24
        32,00
         0,00
         0,00
        32,00
       0
        32,00
        56,00
         0,00
         0,00
        56,00
        56,00
cf trancoso ltda
43765265000193
dinheiro
liquidado
aluguel01
        0 25/05/24
25/05/24
     3.750,00
         0,00
         0,00
     3.750,00
       4
     3.750,00
     3.750,00
         0,00
         0,00
     3.750,00
     3.750,00
cimas comercio de
29266402000114
dinheiro
liquidado
78300
        0 17/04/24
03/05/24
        89,83
         0,00
         0,00
        89,83
       0
        89,83
        89,83
         0,00
         0,00
        89,83
        89,83
clayton do carmo
26350086000176
dinheiro
liquidado
17
        0 08/05/24
10/05/24
        92,03
         0,00
         0,00
        92,03
       0
        92,03
18
        0 31/05/24
31/05/24
     6.500,00
         0,00
         0,00
     6.500,00
       0
     6.500,00
     6.592,03
         0,00
         0,00
     6.592,03
     6.592,03
clear sale s.a.
03802115000198
dinheiro
liquidado
113259
        0 03/05/24
20/05/24
       195,65
         0,00
         0,00
       195,65
       0
       195,65
03802115000279
103432
        0 03/05/24
20/05/24
       119,92
         0,00
         0,00
       119,92
       0
       119,92
       315,57
         0,00
         0,00
       315,57
       315,57
comercial irmaos
17019027000803
dinheiro
liquidado
656922
        0 22/05/24
22/05/24
        13,70
         0,00
         0,00
        13,70
       0
        13,70
        13,70
         0,00
         0,00
        13,70
        13,70
comercio de
96174669000179
cartão
liquidado
0004516356
    45163 31/10/23
03/05/24
       750,54
         0,00
         0,00
       750,54
       0
       750,54
duplicata
00046467/2
    46467 13/03/24
01/05/24
     3.121,65
         0,00
         0,00
     3.121,65
       1
     3.121,65
00046826/1
    46826 15/04/24
15/05/24
     3.609,40
         0,00
         0,00
     3.609,40
       0
     3.609,40
     7.481,59
         0,00
         0,00
     7.481,59
     7.481,59
companhia bras de
47508411009960
dinheiro
liquidado
109516
        0 19/05/24
19/05/24
       416,18
         0,00
         0,00
       416,18
       0
       416,18
       416,18
         0,00
         0,00
       416,18
       416,18
página 3 de 18
 pesquisa personalizada
