centro de distribuicao margaridas
contas pagas - (agrupado por tipo de despesa)
 vencto. de 01/02/2024 até 29/02/2024
 loja: 1 - restaurante margarida de paraty ltda
tipo despesa : 
cmv - fornecedores
2.01
n°
vencto.
data pagto. lj descrição
documento
vlr. real
desc.
multa juros
vlr. pago
cheque
conta
105053
01/02/2024
1
top alto
700,81
01/02/2024
6506587 3-3
0,00
0,00
0,00
700,81
001
105049
01/02/2024
1
top alto
730,33
01/02/2024
6518981
0,00
0,00
0,00
730,33
001
105055
01/02/2024
1
top alto
817,68
01/02/2024
6530694 1-3
0,00
0,00
0,00
817,68
001
105051
01/02/2024
1
span
1.204,98
01/02/2024
975493 2-2
0,00
0,00
0,00
1.204,98
001
105048
01/02/2024
1
span
741,53
01/02/2024
977701 1-2
0,00
0,00
0,00
741,53
001
105059
01/02/2024
1
mega g
498,75
01/02/2024
3928637 2-3
0,00
0,00
0,00
498,75
001
105011
01/02/2024
1
mega g
419,45
01/02/2024
3940832 1-3
0,00
0,00
0,00
419,45
001
105045
01/02/2024
1
spal
2.363,98
01/02/2024
003705083
0,00
0,00
0,00
2.363,98
001
105060
01/02/2024
1
c-trade
2.366,55
01/02/2024
36441
0,00
0,00
0,00
2.366,55
001
105061
01/02/2024
1
chilli peppers
769,56
01/02/2024
4299
0,00
0,00
0,00
769,56
001
105100
02/02/2024
1
megag
501,77
02/02/2024
3918063 3-3
0,00
0,00
0,00
501,77
001
105104
02/02/2024
1
mega g
391,76
02/02/2024
3930507 2-3
0,00
0,00
0,00
391,76
001
105102
02/02/2024
1
alfeu
1.212,36
02/02/2024
1028
0,00
0,00
0,00
1.212,36
001
105101
02/02/2024
1
rio on trade
1.386,35
02/02/2024
8635 2-2
0,00
0,00
0,00
1.386,35
001
105103
02/02/2024
1
burudo
745,20
02/02/2024
0202 2-2
0,00
0,00
0,00
745,20
001
105197
03/02/2024
1
r.n
2.390,83
03/02/2024
17641 1-3
0,00
0,00
0,00
2.390,83
001
105196
03/02/2024
1
minerva
493,29
03/02/2024
4674532 3-3
0,00
0,00
0,00
493,29
001
105195
04/02/2024
1
alfeu
1.732,18
04/02/2024
1012 2-4
0,00
0,00
0,00
1.732,18
001
105219
04/02/2024
1
the kings
1.097,20
04/02/2024
58530
0,00
0,00
0,00
1.097,20
001
105186
05/02/2024
1
super ivnhos
945,40
05/02/2024
212264 3-3
0,00
0,00
0,00
945,40
001
105190
05/02/2024
1
super vinhos
1.935,47
05/02/2024
216414
0,00
0,00
0,00
1.935,47
001
105199
05/02/2024
1
mega g
811,77
05/02/2024
3944836 1-3
0,00
0,00
0,00
811,77
001
105189
05/02/2024
1
spal
1.748,93
05/02/2024
003710066
0,00
0,00
0,00
1.748,93
001
105185
05/02/2024
1
villa
2.192,00
05/02/2024
182259
0,00
0,00
0,00
2.192,00
001
105193
05/02/2024
1
r.n
3.240,00
05/02/2024
34829 3-3
0,00
0,00
0,00
3.240,00
001
105184
05/02/2024
1
centro norte
4.172,09
05/02/2024
2074698
0,00
0,00
0,00
4.172,09
001
105168
05/02/2024
1
cerveja trindade
600,00
05/02/2024
9127
0,00
0,00
0,00
600,00
001
105166
05/02/2024
1
cachaça
880,00
05/02/2024
0074
0,00
0,00
0,00
880,00
001
105167
05/02/2024
1
cachaça
880,00
05/02/2024
0078
0,00
0,00
0,00
880,00
001
105187
05/02/2024
1
minerva
4.091,49
05/02/2024
4676797 3-3
0,00
0,00
0,00
4.091,49
001
105191
05/02/2024
1
minerva
761,96
05/02/2024
4690771 2-3
0,00
0,00
0,00
761,96
001
105192
05/02/2024
1
minerva
1.638,44
05/02/2024
4690772 2-3
0,00
0,00
0,00
1.638,44
001
105220
05/02/2024
1
3 dantas
1.769,90
05/02/2024
1217 1-2
0,00
0,00
0,00
1.769,90
001
105194
05/02/2024
1
hms
991,75
05/02/2024
99175 2-3
0,00
0,00
0,00
991,75
001
105259
06/02/2024
1
jbs
1.651,46
06/02/2024
2954113 2-3
0,00
0,00
0,00
1.651,46
001
105260
06/02/2024
1
barra frios
555,35
06/02/2024
1411770
0,00
0,00
0,00
555,35
001
105253
06/02/2024
1
mega g
12,65
06/02/2024
3247 3-3
0,00
0,00
0,00
12,65
001
105254
06/02/2024
1
mega g
1.000,90
06/02/2024
3923210 3-3
0,00
0,00
0,00
1.000,90
001
105258
06/02/2024
1
mega g
461,31
06/02/2024
3935653 2-3
0,00
0,00
0,00
461,31
001
105968
06/02/2024
1
peixaria 1/3
5.273,05
06/02/2024
so peixe
0,00
0,00
0,00
5.273,05
001
105257
06/02/2024
1
musa
1.503,00
06/02/2024
58127 2-2
0,00
0,00
0,00
1.503,00
001
105262
06/02/2024
1
centro norte
677,06
06/02/2024
2080868
0,00
0,00
0,00
677,06
001
105256
06/02/2024
1
pescados
1.160,00
06/02/2024
9413 2-3
0,00
0,00
0,00
1.160,00
001
105356
07/02/2024
1
lince
2.730,27
07/02/2024
62907900
0,00
0,00
0,00
2.730,27
001
105332
07/02/2024
1
mega g
692,29
07/02/2024
3926188 3-3
0,00
0,00
0,00
692,29
001
105353
07/02/2024
1
mega g
1.014,10
07/02/2024
3950480 1-3
0,00
0,00
0,00
1.014,10
001
105335
07/02/2024
1
mv
1.975,51
07/02/2024
89610 1-2
0,00
0,00
0,00
1.975,51
001
105333
07/02/2024
1
r.n
2.750,00
07/02/2024
17593
0,00
0,00
0,00
2.750,00
001
105328
07/02/2024
1
r.n
1.613,33
07/02/2024
35848 1-3
0,00
0,00
0,00
1.613,33
001
105344
07/02/2024
1
ricarod
587,00
07/02/2024
3314
0,00
0,00
0,00
587,00
001
105331
07/02/2024
1
horti fruti
5.224,92
07/02/2024
226
0,00
0,00
0,00
5.224,92
001
105330
07/02/2024
1
frimesa
733,20
07/02/2024
939383
0,00
0,00
0,00
733,20
001
76.839,16
total pago :
76.839,16
0,00
0,00
0,00
rj
emissão : 02/07/2024
13:09:53
smd fastfood versão 3.2.1.1
página 1
de  22
centro de distribuicao margaridas
contas pagas - (agrupado por tipo de despesa)
 vencto. de 01/02/2024 até 29/02/2024
 loja: 1 - restaurante margarida de paraty ltda
tipo despesa : 
cmv - fornecedores
2.01
n°
vencto.
data pagto. lj descrição
documento
vlr. real
desc.
multa juros
vlr. pago
cheque
conta
105350
07/02/2024
1
minerva
240,09
07/02/2024
4712229 1-3
0,00
0,00
0,00
240,09
001
105329
07/02/2024
1
rio quality
993,76
07/02/2024
3668032 
0,00
0,00
0,00
993,76
001
105361
07/02/2024
1
sacolão
1.983,25
07/02/2024
328
0,00
0,00
0,00
1.983,25
001
105354
07/02/2024
1
tiago
2.186,12
07/02/2024
0094 1-2
0,00
0,00
0,00
2.186,12
001
105334
07/02/2024
1
porto fish
2.653,27
07/02/2024
5043803 2-3
0,00
0,00
0,00
2.653,27
001
105407
08/02/2024
1
top alto
817,67
08/02/2024
6530694 2-3
0,00
0,00
0,00
817,67
001
105405
08/02/2024
1
top alto
1.379,35
08/02/2024
6541456 1-3
0,00
0,00
0,00
1.379,35
001
105411
08/02/2024
1
span
741,53
08/02/2024
977701 2-2
0,00
0,00
0,00
741,53
001
105403
08/02/2024
1
span
1.386,24
08/02/2024
980003 1-2
0,00
0,00
0,00
1.386,24
001
105406
08/02/2024
1
mega g
498,75
08/02/2024
3928637 3-3
0,00
0,00
0,00
498,75
001
105412
08/02/2024
1
mega g
419,32
08/02/2024
3940832 2-3
0,00
0,00
0,00
419,32
001
105410
08/02/2024
1
alfeu
1.340,07
08/02/2024
1031 1-3
0,00
0,00
0,00
1.340,07
001
105409
08/02/2024
1
r.n
2.390,83
08/02/2024
17642 2-3
0,00
0,00
0,00
2.390,83
001
105404
08/02/2024
1
comercial
429,60
08/02/2024
4969
0,00
0,00
0,00
429,60
001
106148
08/02/2024
1
palmito 3/3
1.280,00
08/02/2024
fornecedor
0,00
0,00
0,00
1.280,00
001
106149
08/02/2024
1
palmito 1/2
1.327,50
08/02/2024
fornecedor
0,00
0,00
0,00
1.327,50
001
106150
08/02/2024
1
palmito 2/2
1.327,50
08/02/2024
fornecedor
0,00
0,00
0,00
1.327,50
001
106151
08/02/2024
1
file de prejereba 2/2
5.566,00
08/02/2024
jose augusto
0,00
0,00
0,00
5.566,00
001
105416
09/02/2024
1
j araujo
1.409,82
09/02/2024
2812788
0,00
0,00
0,00
1.409,82
001
105415
09/02/2024
1
j araujo
301,08
09/02/2024
2812789
0,00
0,00
0,00
301,08
001
105417
09/02/2024
1
mega g
391,76
09/02/2024
3930507 3-3
0,00
0,00
0,00
391,76
001
106022
10/02/2024
1
the kings
994,28
10/02/2024
58924
0,00
0,00
0,00
994,28
001
106023
11/02/2024
1
alfeu
369,44
11/02/2024
1040
0,00
0,00
0,00
369,44
001
106031
12/02/2024
1
gelatto
675,00
12/02/2024
246804
0,00
0,00
0,00
675,00
001
106029
12/02/2024
1
super vinhos
672,25
12/02/2024
220638
0,00
0,00
0,00
672,25
001
106030
12/02/2024
1
mega 
811,53
12/02/2024
3944836 2-3
0,00
0,00
0,00
811,53
001
106033
12/02/2024
1
cervejaria
1.454,11
12/02/2024
45411
0,00
0,00
0,00
1.454,11
001
106025
12/02/2024
1
minerva
762,18
12/02/2024
4690771 3-3
0,00
0,00
0,00
762,18
001
106024
12/02/2024
1
minerva
1.638,94
12/02/2024
4690772 3-3
0,00
0,00
0,00
1.638,94
001
106032
12/02/2024
1
3 dantas
1.769,90
12/02/2024
1217 2-2
0,00
0,00
0,00
1.769,90
001
106028
12/02/2024
1
tiago
2.186,12
12/02/2024
0095 2-2
0,00
0,00
0,00
2.186,12
001
106035
13/02/2024
1
mega g
461,30
13/02/2024
3935653 3-3
0,00
0,00
0,00
461,30
001
105501
13/02/2024
1
mega g
1.007,55
13/02/2024
39598743 1-3
0,00
0,00
0,00
1.007,55
001
106036
13/02/2024
1
alfeu
1.072,26
13/02/2024
1043 a
0,00
0,00
0,00
1.072,26
001
106012
13/02/2024
1
leitesol
5.286,94
13/02/2024
579210
0,00
0,00
0,00
5.286,94
001
106009
13/02/2024
1
frigo
2.690,84
13/02/2024
27832
0,00
0,00
0,00
2.690,84
001
106010
13/02/2024
1
horti fruti
4.884,02
13/02/2024
236
0,00
0,00
0,00
4.884,02
001
106014
13/02/2024
1
pescados
1.160,00
13/02/2024
9413 3-3
0,00
0,00
0,00
1.160,00
001
106005
14/02/2024
1
jbs
1.651,95
14/02/2024
2954113 3-3
0,00
0,00
0,00
1.651,95
001
105992
14/02/2024
1
jbs
704,53
14/02/2024
2964316 1-2
0,00
0,00
0,00
704,53
001
105993
14/02/2024
1
jbs
2.642,06
14/02/2024
2964317 1-3
0,00
0,00
0,00
2.642,06
001
105996
14/02/2024
1
mega g
1.013,79
14/02/2024
3950480 2-3
0,00
0,00
0,00
1.013,79
001
106004
14/02/2024
1
alfeu
1.732,18
14/02/2024
1012 3-4
0,00
0,00
0,00
1.732,18
001
106000
14/02/2024
1
bombay
309,07
14/02/2024
93945
0,00
0,00
0,00
309,07
001
106002
14/02/2024
1
r.n
2.390,84
14/02/2024
17643 3-3
0,00
0,00
0,00
2.390,84
001
106006
14/02/2024
1
r.n
1.613,33
14/02/2024
35848 2-3
0,00
0,00
0,00
1.613,33
001
106001
14/02/2024
1
r.n
3.600,00
14/02/2024
35982 1-3
0,00
0,00
0,00
3.600,00
001
105999
14/02/2024
1
frimesa
514,80
14/02/2024
940535
0,00
0,00
0,00
514,80
001
105995
14/02/2024
1
minerva
240,09
14/02/2024
4712229 2-2
0,00
0,00
0,00
240,09
001
106019
14/02/2024
1
rio quality
861,19
14/02/2024
3679825
0,00
0,00
0,00
861,19
001
105485
14/02/2024
1
tiago
2.840,39
14/02/2024
0106 1-2
0,00
0,00
0,00
2.840,39
001
105998
14/02/2024
1
nobredo
854,56
14/02/2024
853187
0,00
0,00
0,00
854,56
001
154.768,11
total pago : 154.768,11
0,00
0,00
0,00
rj
emissão : 02/07/2024
13:09:53
smd fastfood versão 3.2.1.1
página 2
de  22
centro de distribuicao margaridas
contas pagas - (agrupado por tipo de despesa)
 vencto. de 01/02/2024 até 29/02/2024
 loja: 1 - restaurante margarida de paraty ltda
tipo despesa : 
cmv - fornecedores
2.01
n°
vencto.
data pagto. lj descrição
documento
vlr. real
desc.
multa juros
vlr. pago
cheque
conta
106081
15/02/2024
1
super vinhos distrib
734,06
15/02/2024
223649
0,00
0,00
0,00
734,06
001
106079
15/02/2024
1
top alto participaçõ
817,67
15/02/2024
6530694 3/3
0,00
0,00
0,00
817,67
001
106074
15/02/2024
1
top alto participaçõ
1.379,34
15/02/2024
6541456 2-3
0,00
0,00
0,00
1.379,34
001
106083
15/02/2024
1
top alto participaçõ
1.099,58
15/02/2024
6552351 1/3
0,00
0,00
0,00
1.099,58
001
106065
15/02/2024
1
barra frios flumine
589,29
15/02/2024
1413783
0,00
0,00
0,00
589,29
001
106053
15/02/2024
1
lince costa verde
4.541,56
15/02/2024
61581
0,00
0,00
0,00
4.541,56
001
106066
15/02/2024
1
span vale com. de pr
1.386,25
15/02/2024
980003-2/2
0,00
0,00
0,00
1.386,25
001
106082
15/02/2024
1
span vale com. de pr
707,22
15/02/2024
982250 1/2
0,00
0,00
0,00
707,22
001
106069
15/02/2024
1
mega g atacadista d
419,33
15/02/2024
3940832 3/3 
0,00
0,00
0,00
419,33
001
106064
15/02/2024
1
spal industria brasi
1.663,96
15/02/2024
3725446
0,00
0,00
0,00
1.663,96
001
106067
15/02/2024
1
alfeu souza de olive
1.029,62
15/02/2024
1048 a
0,00
0,00
0,00
1.029,62
001
106125
15/02/2024
1
cervejaria petropo
237,47
15/02/2024
40481
0,00
0,00
0,00
237,47
001
106020
15/02/2024
1
galpão 1 a grafica e
1.928,40
15/02/2024
11158 1-2
0,00
0,00
0,00
1.928,40
001
108338
15/02/2024
1
robalo 85kg
8.415,00
15/02/2024
file
0,00
0,00
0,00
8.415,00
001
106068
15/02/2024
1
ducal gás
761,10
15/02/2024
35438
0,00
0,00
0,00
761,10
001
106080
15/02/2024
1
mini folha
1.470,00
15/02/2024
15022024 2/2
0,00
0,00
0,00
1.470,00
001
106061
15/02/2024
1
porto fish pescados
2.568,14
15/02/2024
5149201
0,00
0,00
0,00
2.568,14
001
106130
16/02/2024
1
j araujo distr. impor
813,76
16/02/2024
2818342
0,00
0,00
0,00
813,76
001
106131
16/02/2024
1
j araujo distr. impor
251,16
16/02/2024
281863
0,00
0,00
0,00
251,16
001
106119
16/02/2024
1
mega g atacadista d
328,67
16/02/2024
3967326
0,00
0,00
0,00
328,67
001
105465
16/02/2024
1
real
2.177,36
16/02/2024
1605799
0,00
0,00
0,00
2.177,36
001
106128
16/02/2024
1
pama comercio de g
2.476,53
16/02/2024
4287877
0,00
0,00
0,00
2.476,53
001
108371
16/02/2024
1
palmito 1/3
1.650,00
16/02/2024
fonecedor
0,00
0,00
0,00
1.650,00
001
106129
16/02/2024
1
gelótimo
2.950,00
16/02/2024
1049
0,00
0,00
0,00
2.950,00
001
106299
17/02/2024
1
r.n
3.400,00
17/02/2024
36391 1-4
0,00
0,00
0,00
3.400,00
001
106353
17/02/2024
1
distilaria
444,00
17/02/2024
4936
0,00
0,00
0,00
444,00
001
106301
18/02/2024
1
alfeu
1.340,07
18/02/2024
1031 2-3
0,00
0,00
0,00
1.340,07
001
106322
18/02/2024
1
cartão
297,79
18/02/2024
compra
0,00
0,00
0,00
297,79
001
106297
19/02/2024
1
jbs
2.642,06
19/02/2024
2964317 2-3
0,00
0,00
0,00
2.642,06
001
106296
19/02/2024
1
super vinhos
1.008,44
19/02/2024
224850
0,00
0,00
0,00
1.008,44
001
106305
19/02/2024
1
mega g
811,52
19/02/2024
3944836 3-3
0,00
0,00
0,00
811,52
001
106309
19/02/2024
1
spal
2.090,83
19/02/2024
003730348
0,00
0,00
0,00
2.090,83
001
106308
19/02/2024
1
villa
1.644,00
19/02/2024
182811
0,00
0,00
0,00
1.644,00
001
106302
19/02/2024
1
r.n
1.613,34
19/02/2024
35848 3-3
0,00
0,00
0,00
1.613,34
001
106304
19/02/2024
1
r.n
3.600,00
19/02/2024
35982 2-3
0,00
0,00
0,00
3.600,00
001
106303
19/02/2024
1
centro norte
3.338,09
19/02/2024
2080183
0,00
0,00
0,00
3.338,09
001
105437
19/02/2024
1
cerveja trindade
408,00
19/02/2024
2252
0,00
0,00
0,00
408,00
001
106307
19/02/2024
1
rio on trade
1.386,35
19/02/2024
8635 1-2
0,00
0,00
0,00
1.386,35
001
106564
20/02/2024
1
gelatto
540,00
20/02/2024
246954
0,00
0,00
0,00
540,00
001
106494
20/02/2024
1
super vinhos
733,96
20/02/2024
226098
0,00
0,00
0,00
733,96
001
106492
20/02/2024
1
barra frios
1.008,33
20/02/2024
1414355
0,00
0,00
0,00
1.008,33
001
105500
20/02/2024
1
mega 
1.007,25
20/02/2024
3959743 2-3
0,00
0,00
0,00
1.007,25
001
106497
20/02/2024
1
alfeu
1.467,24
20/02/2024
1055 1-3
0,00
0,00
0,00
1.467,24
001
108397
20/02/2024
1
so peixe 2/3
5.273,05
20/02/2024
peixaria
0,00
0,00
0,00
5.273,05
001
106057
20/02/2024
1
galpão 1 a grafica e
1.928,41
20/02/2024
11158 2-2
0,00
0,00
0,00
1.928,41
001
106496
20/02/2024
1
frigo
2.994,09
20/02/2024
31724
0,00
0,00
0,00
2.994,09
001
106499
20/02/2024
1
rio on trade
644,00
20/02/2024
644
0,00
0,00
0,00
644,00
001
106575
20/02/2024
1
the kings
557,20
20/02/2024
59891
0,00
0,00
0,00
557,20
001
105484
20/02/2024
1
tiago
2.840,39
20/02/2024
0107 2-2
0,00
0,00
0,00
2.840,39
001
105458
21/02/2024
1
jbs
704,54
21/02/2024
2964316 2-2
0,00
0,00
0,00
704,54
001
106751
21/02/2024
1
lince
3.050,94
21/02/2024
63355400
0,00
0,00
0,00
3.050,94
001
106747
21/02/2024
1
mega g
1.013,79
21/02/2024
3950480 3-3
0,00
0,00
0,00
1.013,79
001
242.951,26
total pago : 242.951,26
0,00
0,00
0,00
rj
emissão : 02/07/2024
13:09:53
smd fastfood versão 3.2.1.1
página 3
de  22
