recebimentos efetuados por conta
17:38
09/07/2024
data:
página 1 de 6
classificação
obra
vencimento
cliente
01/06/2024 a 30/06/202
todas
filtros
cliente:
período:
todas
centro de receita:
todas
conta de recebimento :
todas
obra:
todas
empresa:
todos
condomínio:
todos
grupo econômico:
cliente
doc
parc
vencto
valor
desc
multa / 
juros
correção
total 
recebido
inss
i.r.
iss
pis
cofins
contr. 
social
. - brasil
brasil
231349
1
19/06/2024
5,55
0,00
0,00
0,00
0,00
5,55
0,00
0,00
0,00
0,00
0,00
brasil
231146
1
06/06/2024
5,56
0,00
0,00
0,00
0,00
5,56
0,00
0,00
0,00
0,00
0,00
brasil
231153
1
07/06/2024
5,38
0,00
0,00
0,00
0,00
5,38
0,00
0,00
0,00
0,00
0,00
brasil
231156
1
10/06/2024
5,58
0,00
0,00
0,00
0,00
5,58
0,00
0,00
0,00
0,00
0,00
brasil
231160
1
11/06/2024
5,72
0,00
0,00
0,00
0,00
5,72
0,00
0,00
0,00
0,00
0,00
brasil
231288
1
12/06/2024
5,43
0,00
0,00
0,00
0,00
5,43
0,00
0,00
0,00
0,00
0,00
brasil
231303
1
13/06/2024
5,70
0,00
0,00
0,00
0,00
5,70
0,00
0,00
0,00
0,00
0,00
brasil
231306
1
14/06/2024
5,61
0,00
0,00
0,00
0,00
5,61
0,00
0,00
0,00
0,00
0,00
santander 130001120
231046
1
10/06/2024
150,00
0,00
0,00
0,00
0,00
150,00
0,00
0,00
0,00
0,00
0,00
brasil
231346
1
18/06/2024
5,76
0,00
0,00
0,00
0,00
5,76
0,00
0,00
0,00
0,00
0,00
brasil
230931
1
03/06/2024
5,87
0,00
0,00
0,00
0,00
5,87
0,00
0,00
0,00
0,00
0,00
brasil
232409
1
20/06/2024
5,54
0,00
0,00
0,00
0,00
5,54
0,00
0,00
0,00
0,00
0,00
brasil
232413
1
21/06/2024
5,67
0,00
0,00
0,00
0,00
5,67
0,00
0,00
0,00
0,00
0,00
brasil
232417
1
24/06/2024
5,53
0,00
0,00
0,00
0,00
5,53
0,00
0,00
0,00
0,00
0,00
brasil
232420
1
25/06/2024
5,84
0,00
0,00
0,00
0,00
5,84
0,00
0,00
0,00
0,00
0,00
brasil
232423
1
26/06/2024
5,55
0,00
0,00
0,00
0,00
5,55
0,00
0,00
0,00
0,00
0,00
brasil
232427
1
27/06/2024
5,65
0,00
0,00
0,00
0,00
5,65
0,00
0,00
0,00
0,00
0,00
brasil
232446
1
28/06/2024
5,60
0,00
0,00
0,00
0,00
5,60
0,00
0,00
0,00
0,00
0,00
bradesco
230913
1
03/06/2024
30,00
0,00
0,00
0,00
0,00
30,00
0,00
0,00
0,00
0,00
0,00
brasil
231341
1
17/06/2024
5,58
0,00
0,00
0,00
0,00
5,58
0,00
0,00
0,00
0,00
0,00
santander 130001120
231347
1
19/06/2024
0,01
0,00
0,00
0,00
0,00
0,01
0,00
0,00
0,00
0,00
0,00
versato - gestão empresarial
construtora israel eireli
recebimentos efetuados por conta
17:38
09/07/2024
data:
página 2 de 6
cliente
doc
parc
vencto
valor
desc
multa / 
juros
correção
total 
recebido
inss
i.r.
iss
pis
cofins
contr. 
social
santander 130001120
231100
1
05/06/2024
0,01
0,00
0,00
0,00
0,00
0,01
0,00
0,00
0,00
0,00
0,00
santander 130001120
231144
1
06/06/2024
0,04
0,00
0,00
0,00
0,00
0,04
0,00
0,00
0,00
0,00
0,00
santander 130001120
231150
1
07/06/2024
0,06
0,00
0,00
0,00
0,00
0,06
0,00
0,00
0,00
0,00
0,00
santander 130001120
231154
1
10/06/2024
0,16
0,00
0,00
0,00
0,00
0,16
0,00
0,00
0,00
0,00
0,00
santander 130001120
231157
1
11/06/2024
0,25
0,00
0,00
0,00
0,00
0,25
0,00
0,00
0,00
0,00
0,00
santander 130001120
231249
1
12/06/2024
0,21
0,00
0,00
0,00
0,00
0,21
0,00
0,00
0,00
0,00
0,00
santander 130001120
231302
1
13/06/2024
0,16
0,00
0,00
0,00
0,00
0,16
0,00
0,00
0,00
0,00
0,00
santander 130001120
231304
1
14/06/2024
0,04
0,00
0,00
0,00
0,00
0,04
0,00
0,00
0,00
0,00
0,00
brasil
231103
1
05/06/2024
5,48
0,00
0,00
0,00
0,00
5,48
0,00
0,00
0,00
0,00
0,00
santander 130001120
231344
1
18/06/2024
0,01
0,00
0,00
0,00
0,00
0,01
0,00
0,00
0,00
0,00
0,00
brasil
231099
1
04/06/2024
5,85
0,00
0,00
0,00
0,00
5,85
0,00
0,00
0,00
0,00
0,00
santander 130001120
231403
1
28/06/2024
6.000,00
0,00
0,00
0,00
0,00
6.000,00
0,00
0,00
0,00
0,00
0,00
santander 130001120
231420
1
20/06/2024
0,01
0,00
0,00
0,00
0,00
0,01
0,00
0,00
0,00
0,00
0,00
santander 130001120
232411
1
21/06/2024
0,04
0,00
0,00
0,00
0,00
0,04
0,00
0,00
0,00
0,00
0,00
santander 130001120
232415
1
24/06/2024
0,01
0,00
0,00
0,00
0,00
0,01
0,00
0,00
0,00
0,00
0,00
santander 130001120
232418
1
25/06/2024
0,01
0,00
0,00
0,00
0,00
0,01
0,00
0,00
0,00
0,00
0,00
santander 130001120
232421
1
26/06/2024
0,01
0,00
0,00
0,00
0,00
0,01
0,00
0,00
0,00
0,00
0,00
santander 130001120
232425
1
27/06/2024
0,01
0,00
0,00
0,00
0,00
0,01
0,00
0,00
0,00
0,00
0,00
bradesco
231145
1
06/06/2024
0,81
0,00
0,00
0,00
0,00
0,81
0,00
0,00
0,00
0,00
0,00
santander 130001120
231338
1
17/06/2024
0,02
0,00
0,00
0,00
0,00
0,02
0,00
0,00
0,00
0,00
0,00
bradesco
231348
1
19/06/2024
0,03
0,00
0,00
0,00
0,00
0,03
0,00
0,00
0,00
0,00
0,00
bradesco
231102
1
05/06/2024
0,04
0,00
0,00
0,00
0,00
0,04
0,00
0,00
0,00
0,00
0,00
bradesco
232426
1
27/06/2024
0,07
0,00
0,00
0,00
0,00
0,07
0,00
0,00
0,00
0,00
0,00
bradesco
232422
1
26/06/2024
0,01
0,00
0,00
0,00
0,00
0,01
0,00
0,00
0,00
0,00
0,00
bradesco
232419
1
25/06/2024
0,01
0,00
0,00
0,00
0,00
0,01
0,00
0,00
0,00
0,00
0,00
bradesco
232416
1
24/06/2024
0,06
0,00
0,00
0,00
0,00
0,06
0,00
0,00
0,00
0,00
0,00
bradesco
232408
1
20/06/2024
0,02
0,00
0,00
0,00
0,00
0,02
0,00
0,00
0,00
0,00
0,00
bradesco
231340
1
17/06/2024
0,01
0,00
0,00
0,00
0,00
0,01
0,00
0,00
0,00
0,00
0,00
bradesco
231305
1
14/06/2024
0,04
0,00
0,00
0,00
0,00
0,04
0,00
0,00
0,00
0,00
0,00
bradesco
231287
1
12/06/2024
0,07
0,00
0,00
0,00
0,00
0,07
0,00
0,00
0,00
0,00
0,00
bradesco
231159
1
11/06/2024
0,13
0,00
0,00
0,00
0,00
0,13
0,00
0,00
0,00
0,00
0,00
bradesco
231155
1
10/06/2024
1,46
0,00
0,00
0,00
0,00
1,46
0,00
0,00
0,00
0,00
0,00
bradesco
231152
1
07/06/2024
3,44
0,00
0,00
0,00
0,00
3,44
0,00
0,00
0,00
0,00
0,00
versato - gestão empresarial
construtora israel eireli
recebimentos efetuados por conta
17:38
09/07/2024
data:
página 3 de 6
cliente
doc
parc
vencto
valor
desc
multa / 
juros
correção
total 
recebido
inss
i.r.
iss
pis
cofins
contr. 
social
bradesco
231098
1
04/06/2024
0,14
0,00
0,00
0,00
0,00
0,14
0,00
0,00
0,00
0,00
0,00
bradesco
232412
1
21/06/2024
0,08
0,00
0,00
0,00
0,00
0,08
0,00
0,00
0,00
0,00
0,00
total da conta :
6.299,93
0,00
0,00
0,00
0,00
0,00
0,00
0,00
6.299,93
0,00
0,00
total do dia :
6.299,93
0,00
0,00
0,00
0,00
0,00
0,00
0,00
6.299,93
0,00
0,00
04/06/2024
83-3 - bradesco
hi empreendimentos 
imobiliarios
800+.
56
04/06/2024
23.000,00
0,00
0,00
0,00
0,00
23.000,00
0,00
0,00
0,00
0,00
0,00
prefeitura municipal de 
ribeirão das neves
3757
1
23/05/2024
233.132,04
0,00
8.975,58
0,00
0,00
209.702,28
11.656,60
2.797,58
0,00
0,00
0,00
total da conta :
256.132,04
0,00
11.656,60
2.797,58
0,00
0,00
0,00
0,00
232.702,28
8.975,58
0,00
total do dia :
256.132,04
0,00
11.656,60
2.797,58
0,00
0,00
0,00
0,00
232.702,28
8.975,58
0,00
06/06/2024
83-3 - bradesco
prefeitura municipal de 
ribeirão das neves
3758
1
28/05/2024
2.238.945,74
0,00
73.885,21
0,00
0,00
2.026.245,89
26.867,35
111.947,29
0,00
0,00
0,00
total da conta :
2.238.945,74
0,00
26.867,35
111.947,29
0,00
0,00
0,00
0,00
2.026.245,89
73.885,21
0,00
total do dia :
2.238.945,74
0,00
26.867,35
111.947,29
0,00
0,00
0,00
0,00
2.026.245,89
73.885,21
0,00
07/06/2024
83-3 - bradesco
pedro paulo goulart
1396
15
07/06/2024
1.004,00
0,00
0,00
0,00
0,00
1.004,00
0,00
0,00
0,00
0,00
0,00
total da conta :
1.004,00
0,00
0,00
0,00
0,00
0,00
0,00
0,00
1.004,00
0,00
0,00
total do dia :
1.004,00
0,00
0,00
0,00
0,00
0,00
0,00
0,00
1.004,00
0,00
0,00
10/06/2024
83-3 - bradesco
alberto ferreira motta
0002
4
06/06/2024
650,00
0,00
0,00
0,00
0,00
650,00
0,00
0,00
0,00
0,00
0,00
total da conta :
650,00
0,00
0,00
0,00
0,00
0,00
0,00
0,00
650,00
0,00
0,00
versato - gestão empresarial
construtora israel eireli
