razão geral de 01/01/2024 até 31/03/2024
damon furtado de oliveira
casa de carne valadares ltda (00042)
livro :0
folha: 1
cnpj: 32.385.345/0001-05
data
débito
crédito 
c/p
s a l d o
histórico
documento
caixa geral   (11111)   1.1.01.01.001
       267.459,44d
saldo anterior:
vr. vendas a vista n/dia. 453271 
453272 453273 453274 453275 
453276 453277 453278 453279 
453280 453281 453282 453283 
453284 453285 453286 453287 
453288 453289 453290 453291 
453292 453293 453294 453295 
453296 453297 453298 453299 
453300 453301 453302 453303 
453304 453305 453306 453307 
453308 453309 453310 453311 
453312 453313 453314 453315 
453316 453317 453318 453319 
453320 453321 453322 453323 
453324 453325 453326 453327 
453328 453329 453330 453331 
453332 453333 453334 453335 
453336 453337 453338 453339 
453340 453341 453342 453343 
453344 453345 453346 453347 
453348 453349 453350 453351 
453352 453353 453354 453355 
453356 453357 453358 453359 
453360 453361 453362 453363 
453364 453365 453366 453367 
453368 453369 453370 453371 
453372 453373 453374 453375 
453376 453377 453378 453379 
453380 453381 453382 453383 
453384 453385 453386 453387 
453388 453389 453390 453391 
453392 453393 453394 453395 
453396 453397 453398 453399 
453400 453401 453402 453403 
453404 453405 453406 453407 
453408 453409 453410 453411 
453412 453413 453414 453415 
453416 453417 453418 453419 
453420 453421 453422 453423 
453424 453425 453426 453427 
453428 453429 453430 453431 
453432 453433 453434 453435 
453436 453437 453438 453439 
453440 453441 453442 453443 
453444 453445 453446 453447 
453448 453449 453450 453451 
453452 453453 453454 453455 
453456 453457 453458 453459 
453460 453461 453462 453463 
453464 453465 453466 453467 
453468 453469 453470 453471 
453472 453473 453474 453475 
453476 453477 453478 453479 
453480 453481 453482 453483 
453484 453485 453486 453487 
453488 453489 453490 453491 
453492 453493 453494 453495 
453496 453497 453498 453499 
453500 453501 453502 453503 
453504 453505 453506 453507 
453508 453509 453510 453511 
453512 453513 453514 453515 
453516 453517 453518 453519 
453520 453521 453522 453523 
453524 453525 453526 453527 
01/01/2024
25.380,54
453271
41210
razão geral de 01/01/2024 até 31/03/2024
damon furtado de oliveira
casa de carne valadares ltda (00042)
livro :0
folha: 2
cnpj: 32.385.345/0001-05
data
débito
crédito 
c/p
s a l d o
histórico
documento
caixa geral   (11111)   1.1.01.01.001
453528 453529 453530 453531 
453532 453533 453534 453535 
453536 453537 453538 453539 
453540 453541 453542 453543 
453544 453545 453546 453547 
453548 453549 453550 453551 
453552 453553 453554 453555 
453556 453557 453558 453559 
453560 453561 453562 453563 
453564 453565 453566 453567 
453568 453569 453570 453571 
453572 453573 453574 453575 
453576 453577 453578 453579 
453580 453581 453582 453583 
453584 453585 453586 453587 
453588 453589 453590 453591 
453592 453593 453594 453595 
453596 453597 453598 453599 
453600 453601 453602 453603 
453604 453605 453606 453607 
453608 453609 453610 453611 
453612 453613 453614 453615 
453616 453617 453618 453619 
453620 453621 453622 453623 
453624 453625 453626 453627 
453628 453629 453630 453631 
453632 453633 453634 453635 
453636 453637 453638 453639 
453640 453641 453642 453643 
453644 453645 453646 453647 
453648 453649 453650 453651 
453652 453653 453654 453655 
453656 453657 453658 453659 
453660 453661 453662 453663 
453664 453665 453666 453667 
453668 453669 453670 453671 
453672 453673 453674 453675 
453676 453677 453678 453679 
453680 453681 453682 453683 
453684 453685 453686 453687 
453688 453689 453690 453691 
453692 453693 453694 453695 
453696 453697 453698 453699 
453700 453701 453702 453703 
453704 453705 453706 453707 
453708 453709 453710 453711 
453712 453713 453714 453715 
453716 453717 453718 453719 
453720 453721 453722 453723 
453724 453725 453726 453727 
453728 453729 453730 453731 
453732 453733 453734 453735 
453736 453737 453738 453739 
453740
total dia:
25.380,54
292.839,98d
0,00
vr. ref. deposito n/dia.
02/01/2024
928,85
10206
vr. compras a vista nf 1161332-
distrib.de bebidas januaria 
ltda
02/01/2024
1.256,80
1161332
51002
pg. duplicata
02/01/2024
27.000,00
3381
vr. vendas a vista n/dia. 453741 
453742 453743 453744 453745 
453746 453747 453748 453749 
453750 453751 453752 453753 
02/01/2024
11.482,32
453741
41210
razão geral de 01/01/2024 até 31/03/2024
damon furtado de oliveira
casa de carne valadares ltda (00042)
livro :0
folha: 3
cnpj: 32.385.345/0001-05
data
débito
crédito 
c/p
s a l d o
histórico
documento
caixa geral   (11111)   1.1.01.01.001
453754 453755 453756 453757 
453758 453759 453760 453761 
453762 453763 453764 453765 
453766 453767 453768 453769 
453770 453771 453772 453773 
453774 453775 453776 453777 
453778 453779 453780 453781 
453782 453783 453784 453785 
453786 453787 453788 453789 
453790 453791 453792 453793 
453794 453795 453796 453797 
453798 453799 453800 453801 
453802 453803 453804 453805 
453806 453807 453808 453809 
453810 453811 453812 453814 
453815 453816 453817 453818 
453819 453820 453821 453822 
453823 453824 453825 453826 
453827 453828 453829 453830 
453831 453832 453833 453834 
453835 453836 453837 453838 
453839 453840 453841 453842 
453843 453844 453845 453846 
453847 453848 453849 453850 
453851 453852 453853 453854 
453855 453856 453857 453858 
453859 453860 453861 453862 
453863 453864 453865 453866 
453867 453868 453869 453870 
453871 453872 453873 453874 
453875 453876 453877 453878 
453879 453880 453881 453882 
453883 453884 453885 453886 
453887 453888 453889 453890 
453891 453892 453893 453894 
453895 453896 453897 453898 
453899 453900 453901 453902 
453903 453904 453905 453906 
453907 453908 453909 453910 
453911 453912 453913 453914 
453915 453916 453917 453918 
453919 453920 453921 453922 
453923 453924 453925 453926 
453927 453928 453929 453930 
453931 453932 453933 453934 
453935 453936 453937 453938 
453939 453940 453941 453942 
453943 453944 453945 453946 
453947 453948 453949 453950 
453951 453952 453953 453954 
453955 453956 453957 453958 
453959 453960 453961 453962 
453963 453964 453965 453966 
453967 453968 453969 453970 
453971 453972 453973 453974 
453975 453976 453977 453978 
453979 453980 453981 453982 
453983 453984 453985 453986 
453987 453988 453989 453990 
453991 453992 453993 453994 
453995 453996 453997 453998 
453999 454000 454001 454002 
454003 454004 454005 454006 
454007 454008 454009 454010 
454011 454012 454013 454014 
454015 454016 454017 454018 
razão geral de 01/01/2024 até 31/03/2024
damon furtado de oliveira
casa de carne valadares ltda (00042)
livro :0
folha: 4
cnpj: 32.385.345/0001-05
data
débito
crédito 
c/p
s a l d o
histórico
documento
caixa geral   (11111)   1.1.01.01.001
454019 454020 454021 454022 
454023 454024 454025 454026 
454027 454028 454029 454030 
454031 454032 454033 454034 
454035 454036 454037 454038 
454039 454040 454041 454042 
454043 454044 454045 454046 
454047 454048 454049 454050 
454051 454052 454053 454054 
454055
vr. ref. cheque/saque n/dia.
02/01/2024
2.052,18
10206
pg. duplicata
02/01/2024
4.577,59
41722
pg. duplicata
02/01/2024
2.828,80
814
vr. ref. cheque/saque n/dia.
02/01/2024
75.417,82
10205
vr. ref. deposito n/dia.
02/01/2024
70.357,87
10207
vr. ref. cheque/saque n/dia.
02/01/2024
72.384,38
10207
vr. ref. deposito n/dia.
02/01/2024
56.814,67
10205
total dia:
161.336,70
290.412,10d
163.764,58
vr. compras a vista nf 136822-
megagiro distribuidora de 
bebidas ltda
03/01/2024
717,03
136822
51002
vr. vendas a vista n/dia. 454056 
454057 454058 454059 454060 
454061 454062 454063 454064 
454065 454066 454067 454068 
454069 454070 454071 454072 
454073 454074 454075 454076 
454077 454078 454079 454080 
454081 454082 454083 454084 
454085 454086 454087 454088 
454089 454090 454091 454092 
454093 454094 454095 454096 
454097 454098 454099 454100 
454101 454102 454103 454104 
454105 454106 454107 454108 
454109 454110 454111 454112 
454113 454114 454115 454116 
454117 454118 454119 454120 
454121 454122 454123 454124 
454125 454126 454127 454128 
454129 454130 454131 454132 
454133 454134 454135 454136 
454137 454138 454139 454140 
454141 454142 454143 454144 
454145 454146 454147 454148 
454149 454150 454151 454152 
454153 454154 454155 454156 
454157 454158 454159 454160 
454161 454162 454163 454164 
454165 454166 454167 454168 
454169 454170 454171 454172 
454173 454174 454175 454176 
454177 454178 454179 454180 
454181 454182 454183 454184 
454185 454186 454187 454188 
454189 454190 454191 454192 
454193 454194 454195 454196 
454197 454198 454199 454200 
454201 454202 454203 454204 
454205 454206 454207 454208 
454209 454210 454211 454212 
454213 454214 454215 454216 
03/01/2024
10.911,64
454056
41210
razão geral de 01/01/2024 até 31/03/2024
damon furtado de oliveira
casa de carne valadares ltda (00042)
livro :0
folha: 5
cnpj: 32.385.345/0001-05
data
débito
crédito 
c/p
s a l d o
histórico
documento
caixa geral   (11111)   1.1.01.01.001
454217 454218 454219 454220 
454221 454222 454223 454224 
454225 454226 454227 454228 
454229 454230 454231 454232 
454233 454234 454235 454236 
454237 454238 454239 454240 
454241 454242 454243 454244 
454245 454246 454247 454248 
454249 454250 454251 454252 
454253 454254 454255 454256 
454257 454258 454259 454260 
454261 454262 454263 454264 
454265 454266 454267 454268 
454269 454270 454271 454272 
454273 454274 454275 454276 
454277 454278 454279 454280 
454281 454282 454283 454284 
454285 454286 454287 454288 
454289 454290 454291 454292 
454293 454294 454295 454296 
454297 454298 454299 454300 
454301 454302 454303 454304 
454305 454306 454307 454308 
454309 454310 454311 454312 
454313 454314 454315 454316 
454317 454318 454319 454320 
454321 454322 454323 454324 
454325 454326 454327 454328 
454329 454330 454331 454332 
454333 454334 454335 454336 
454337 454338 454339 454340 
454341 454342 454343 454344 
454345 454346 454347 454348 
454349 454350 454351 454352 
454353 454354 454355 454356 
454357 454358 454359 454360 
454361 454362 454363 454364 
454365 454366 454367 454368 
454369 454370 454371 454372 
454373 454374 454375 454376 
454377 454378 454379 454380 
454381 454382 454383 454384 
454385 454386 454387 454388 
454389 454390
vr. compras a vista nf 188969-maxi 
beef alimentos do brasil
03/01/2024
11.422,24
188969
51002
vr. compras a vista nf 432162-
araujo distribuidora ltda.
03/01/2024
1.718,91
432162
51002
vr. compras a vista nf 432163-
araujo distribuidora ltda.
03/01/2024
862,18
432163
51002
vr. compras a vista nf 432164-
araujo distribuidora ltda.
03/01/2024
565,81
432164
51002
vr. ref. deposito n/dia.
03/01/2024
665,83
10205
vr. ref. cheque/saque n/dia.
03/01/2024
4.157,08
10207
vr. ref. cheque/saque n/dia.
03/01/2024
151,26
10206
vr. ref. cheque/saque n/dia.
03/01/2024
15.729,00
10205
vr. ref. deposito n/dia.
03/01/2024
39.113,09
10207
vr. ref. deposito n/dia.
03/01/2024
214,79
10206
total dia:
30.948,98
266.081,20d
55.279,88
vr. vendas a vista n/dia. 454391 
454392 454393 454394 454395 
454396 454397 454398 454399 
04/01/2024
14.725,01
454391
41210
razão geral de 01/01/2024 até 31/03/2024
damon furtado de oliveira
casa de carne valadares ltda (00042)
livro :0
folha: 6
cnpj: 32.385.345/0001-05
data
débito
crédito 
c/p
s a l d o
histórico
documento
caixa geral   (11111)   1.1.01.01.001
454400 454401 454402 454403 
454404 454405 454406 454407 
454408 454409 454410 454411 
454412 454413 454414 454415 
454416 454417 454418 454419 
454420 454421 454422 454423 
454424 454425 454426 454427 
454428 454429 454430 454431 
454432 454433 454434 454435 
454436 454437 454438 454439 
454440 454441 454442 454443 
454444 454445 454446 454447 
454448 454449 454450 454451 
454452 454453 454454 454455 
454456 454457 454458 454459 
454460 454461 454462 454463 
454464 454465 454466 454467 
454468 454469 454470 454471 
454472 454473 454474 454475 
454476 454477 454478 454479 
454480 454481 454482 454483 
454484 454485 454486 454487 
454488 454489 454490 454491 
454492 454493 454494 454495 
454496 454497 454498 454499 
454500 454501 454502 454503 
454504 454505 454506 454507 
454508 454509 454510 454511 
454512 454513 454514 454515 
454516 454517 454518 454519 
454520 454521 454522 454523 
454524 454525 454526 454527 
454528 454529 454530 454531 
454532 454533 454534 454535 
454536 454537 454538 454539 
454540 454541 454542 454543 
454544 454545 454546 454547 
454548 454549 454550 454551 
454552 454553 454554 454555 
454556 454557 454558 454559 
454560 454561 454562 454563 
454564 454565 454566 454567 
454568 454569 454570 454571 
454572 454573 454574 454575 
454576 454577 454578 454579 
454580 454581 454582 454583 
454584 454585 454586 454587 
454588 454589 454590 454591 
454592 454593 454594 454595 
454596 454597 454598 454599 
454600 454601 454602 454603 
454604 454605 454606 454607 
454608 454609 454610 454611 
454612 454613 454614 454615 
454616 454617 454618 454619 
454620 454621 454622 454623 
454624 454625 454626 454627 
454628 454629 454630 454631 
454632 454633 454634 454635 
454636 454637 454638 454639 
454640 454641 454642 454643 
454644 454645 454646 454647 
454648 454649 454650 454651 
454652 454653 454654 454655 
454656 454657 454658 454659 
454660 454661 454662 454663 
razão geral de 01/01/2024 até 31/03/2024
damon furtado de oliveira
casa de carne valadares ltda (00042)
livro :0
folha: 7
cnpj: 32.385.345/0001-05
data
débito
crédito 
c/p
s a l d o
histórico
documento
caixa geral   (11111)   1.1.01.01.001
454664 454665 454666 454667 
454668 454669 454670 454671 
454672 454673 454674 454675 
454676 454677 454678 454679 
454680 454681 454682 454683 
454684 454685 454686 454687 
454688 454689 454690 454691 
454692 454693 454694 454695 
454696 454697 454698 454699 
454700 454701 454702 454703 
454704 454705 454706 454707 
454708 454709 454710 454711 
454712 454713 454714 454715 
454716 454717 454718 454719 
454720 454721 454722 454723 
454724 454725 454726 454727 
454728 454729 454730 454731 
454732 454733 454734 454735 
454736 454737 454738 454739 
454740 454741 454742 454743 
454744 454745 454746 454747 
454748
vr. compras a vista nf  10447-
mutirao material de 
construcao ltda
04/01/2024
1.714,69
10447
61313
vr. compras a vista nf 416336-
matadouro sao geraldo ltda
04/01/2024
4.408,62
416336
51002
vr. ref. deposito n/dia.
04/01/2024
7.046,66
10207
vr. ref. cheque/saque n/dia.
04/01/2024
8.876,81
10207
vr. ref. deposito n/dia.
04/01/2024
235,11
10206
vr. ref. cheque/saque n/dia.
04/01/2024
3.500,00
10205
vr. ref. deposito n/dia.
04/01/2024
1.282,14
10205
total dia:
27.101,82
278.495,80d
14.687,22
vr. vendas a vista n/dia. 454749 
454750 454751 454752 454753 
454754 454755 454756 454757 
454758 454759 454760 454761 
454762 454763 454764 454765 
454766 454767 454768 454769 
454770 454771 454772 454773 
454774 454775 454776 454777 
454778 454779 454780 454781 
454782 454783 454784 454785 
454786 454787 454788 454789 
454790 454791 454792 454793 
454794 454795 454796 454797 
454798 454799 454800 454801 
454802 454803 454804 454805 
454806 454807 454808 454809 
454810 454811 454812 454813 
454814 454815 454816 454817 
454818 454819 454820 454821 
454822 454823 454824 454825 
454826 454827 454828 454829 
454830 454831 454832 454833 
454834 454835 454836 454837 
454838 454839 454840 454841 
454842 454843 454844 454845 
454846 454847 454848 454849 
454850 454851 454852 454853 
454854 454855 454856 454857 
454858 454859 454860 454861 
454862 454863 454864 454865 
05/01/2024
16.740,63
454749
41210
razão geral de 01/01/2024 até 31/03/2024
damon furtado de oliveira
casa de carne valadares ltda (00042)
livro :0
folha: 8
cnpj: 32.385.345/0001-05
data
débito
crédito 
c/p
s a l d o
histórico
documento
caixa geral   (11111)   1.1.01.01.001
454866 454867 454868 454869 
454870 454871 454872 454873 
454874 454875 454876 454877 
454878 454879 454880 454881 
454882 454883 454884 454885 
454886 454887 454888 454889 
454890 454891 454892 454893 
454894 454895 454896 454897 
454898 454899 454900 454901 
454902 454903 454904 454905 
454906 454907 454908 454909 
454910 454911 454912 454913 
454914 454915 454916 454917 
454918 454919 454920 454921 
454922 454923 454924 454925 
454926 454927 454928 454929 
454930 454931 454932 454933 
454934 454935 454936 454937 
454938 454939 454940 454941 
454942 454943 454944 454945 
454946 454947 454948 454949 
454950 454951 454952 454953 
454954 454955 454956 454957 
454958 454959 454960 454961 
454962 454963 454964 454965 
454966 454967 454968 454969 
454970 454971 454972 454973 
454974 454975 454976 454977 
454978 454979 454980 454981 
454982 454983 454984 454985 
454986 454987 454988 454989 
454990 454991 454992 454993 
454994 454995 454996 454997 
454998 454999 455000 455001 
455002 455003 455004 455005 
455006 455007 455008 455009 
455010 455011 455012 455013 
455014 455015 455016 455017 
455018 455019 455020 455021 
455022 455023 455024 455025 
455026 455027 455028 455029 
455030 455031 455032 455033 
455034 455035 455036 455037 
455038 455039 455040 455041 
455042 455043 455044 455045 
455046 455047 455048 455049 
455050 455051 455052 455053 
455054 455055 455056 455057 
455058 455059 455060 455061 
455062 455063 455064 455065 
455066 455067 455068 455069 
455070 455071 455072 455073 
455074 455075 455076 455077 
455078 455079 455080 455081 
455082 455083 455084 455085 
455086 455087 455088 455089 
455090 455091 455092 455093 
455094 455095 455096 455097 
455098 455099 455100 455101 
455102 455103 455104 455105 
455106 455107 455108 455109 
455110 455111 455112 455113 
455114 455115 455116 455117 
455118 455119 455120 455121 
455122 455123 455124 455125 
455126 455127 455128 455129 
razão geral de 01/01/2024 até 31/03/2024
damon furtado de oliveira
casa de carne valadares ltda (00042)
livro :0
folha: 9
cnpj: 32.385.345/0001-05
data
débito
crédito 
c/p
s a l d o
histórico
documento
caixa geral   (11111)   1.1.01.01.001
455130 455131 455132 455133 
455134 455135 455136 455137 
455138 455139 455140 455141 
455142 455143 455144 455145 
455146 455147 455148 455149 
455150 455151 455152 455153 
455154 455155 455156
vr. compras a vista nf  10594-
mutirao material de 
construcao ltda
05/01/2024
1.714,69
10594
51002
vr. compras a vista nf 1162842-
distrib.de bebidas januaria 
ltda
05/01/2024
996,60
1162842
51002
vr. compras a vista nf 416451-
matadouro sao geraldo ltda
05/01/2024
8.548,19
416451
51002
vr. compras a vista nf  7816-jw 
atacado e varejo de choc. 
balas e con
05/01/2024
174,51
7816
51002
vr. compras a vista nf 7816-jw 
atacado e varejo de choc. 
balas e con
05/01/2024
91,97
7816
51002
vr. ref. deposito n/dia.
05/01/2024
10.068,15
10207
vr. ref. cheque/saque n/dia.
05/01/2024
19.803,34
10207
vr. ref. deposito n/dia.
05/01/2024
473,40
10205
vr. ref. deposito n/dia.
05/01/2024
150,31
10206
total dia:
36.543,97
292.821,95d
22.217,82
vr. vendas a vista n/dia. 455157 
455158 455159 455160 455161 
455162 455163 455164 455165 
455166 455167 455168 455169 
455170 455171 455172 455173 
455174 455175 455176 455177 
455178 455179 455180 455181 
455182 455183 455184 455185 
455186 455187 455188 455189 
455190 455191 455192 455193 
455194 455195 455196 455197 
455198 455199 455200 455201 
455202 455203 455204 455205 
455206 455207 455208 455209 
455210 455211 455212 455213 
455214 455215 455216 455217 
455218 455219 455220 455221 
455222 455223 455224 455225 
455226 455227 455228 455229 
455230 455231 455232 455233 
455234 455235 455236 455237 
455238 455239 455240 455241 
455242 455243 455244 455245 
455246 455247 455248 455249 
455250 455251 455252 455253 
455254 455255 455256 455257 
455258 455259 455260 455261 
455262 455263 455264 455265 
455266 455267 455268 455269 
455270 455271 455272 455273 
455274 455275 455276 455277 
455278 455279 455280 455281 
455282 455283 455284 455285 
455286 455287 455288 455289 
455290 455291 455292 455293 
455294 455295 455296 455297 
06/01/2024
28.906,10
455157
41210
razão geral de 01/01/2024 até 31/03/2024
damon furtado de oliveira
casa de carne valadares ltda (00042)
livro :0
folha: 10
cnpj: 32.385.345/0001-05
data
débito
crédito 
c/p
s a l d o
histórico
documento
caixa geral   (11111)   1.1.01.01.001
455298 455299 455300 455301 
455302 455303 455304 455305 
455306 455307 455308 455309 
455310 455311 455312 455313 
455314 455315 455316 455317 
455318 455319 455320 455321 
455322 455323 455324 455325 
455326 455327 455328 455329 
455330 455331 455332 455333 
455334 455335 455336 455337 
455338 455339 455340 455341 
455342 455343 455344 455345 
455346 455347 455348 455349 
455350 455351 455352 455353 
455354 455355 455356 455357 
455358 455359 455360 455361 
455362 455363 455364 455365 
455366 455367 455368 455369 
455370 455371 455372 455373 
455374 455375 455376 455377 
455378 455379 455380 455381 
455382 455383 455384 455385 
455386 455387 455388 455389 
455390 455391 455392 455393 
455394 455395 455396 455397 
455398 455399 455400 455401 
455402 455403 455404 455405 
455406 455407 455408 455409 
455410 455411 455412 455413 
455414 455415 455416 455417 
455418 455419 455420 455421 
455422 455423 455424 455425 
455426 455427 455428 455429 
455430 455431 455432 455433 
455434 455435 455436 455437 
455438 455439 455440 455441 
455442 455443 455444 455445 
455446 455447 455448 455449 
455450 455451 455452 455453 
455454 455455 455456 455457 
455458 455459 455460 455461 
455462 455463 455464 455465 
455466 455467 455468 455469 
455470 455471 455472 455474 
455475 455476 455477 455478 
455479 455480 455481 455482 
455483 455484 455485 455486 
455487 455488 455489 455490 
455491 455492 455493 455494 
455495 455496 455497 455498 
455499 455500 455501 455502 
455503 455504 455505 455506 
455507 455508 455509 455510 
455511 455512 455513 455514 
455515 455516 455517 455518 
455519 455520 455521 455522 
455523 455524 455525 455526 
455527 455528 455529 455530 
455531 455532 455533 455534 
455535 455536 455537 455538 
455539 455540 455541 455542 
455543 455544 455545 455546 
455547 455548 455549 455550 
455551 455552 455553 455554 
455555 455556 455557 455558 
455559 455560 455561 455562 
