sicoob - títulos descontados
relatório de aviso de lançamento
data emissão:
data processamento:
hora emissão:
15:35:18
06/09/2022
05/09/2022
999619016
telefone:
uf:
cachoeiro de itapemirim
cidade:
29.321-000
cep:
gumercindo moura nunes
endereço:
nome reduzido:
136.50-6 - eco flex pneus ltda
cliente:
titulos descontados
produto:
3.260 - sicoob - pa novo parque
coop.sing.
es
contrato
tarifa
seguro
desc/abat
mora
iof
juros
amortização
vlr. parc
vencto
data liq
data op
parc
mod.
seu número
histórico: entrada normal                          
1
02/01/2023
05/09/2022
59,40
8,84
0,00
0,00
0,00
dct3
132846
1.077,50
1.077,50
0,00
0000000023831/4
1
01/12/2022
05/09/2022
43,43
7,62
0,00
0,00
0,00
dct3
132853
1.077,50
1.077,50
0,00
0000000023831/3
1
01/11/2022
05/09/2022
28,45
6,44
0,00
0,00
0,00
dct3
132860
1.077,50
1.077,50
0,00
0000000023831/2
1
03/10/2022
05/09/2022
13,97
5,26
0,00
0,00
0,00
dct3
132878
1.077,50
1.077,50
0,00
0000000023831/1
1
02/01/2023
05/09/2022
68,18
10,14
0,00
0,00
0,00
dct3
132885
1.236,90
1.236,90
0,00
0000000023830/4
1
01/12/2022
05/09/2022
49,85
8,74
0,00
0,00
0,00
dct3
132892
1.236,90
1.236,90
0,00
0000000023830/3
1
01/11/2022
05/09/2022
32,66
7,39
0,00
0,00
0,00
dct3
132900
1.236,90
1.236,90
0,00
0000000023830/2
1
03/10/2022
05/09/2022
16,04
6,04
0,00
0,00
0,00
dct3
132918
1.236,90
1.236,90
0,00
0000000023830/1
1
30/09/2022
05/09/2022
7,52
3,10
0,00
0,00
0,00
dct3
132925
650,00
650,00
0,00
0000000023824/1
1
15/09/2022
05/09/2022
2,72
2,46
0,00
0,00
0,00
dct3
132932
587,40
587,40
0,00
0000000005006/1
1
28/11/2022
05/09/2022
40,66
7,28
0,00
0,00
0,00
dct3
132940
1.045,00
1.045,00
0,00
0000000023817/3
1
31/10/2022
05/09/2022
27,10
6,21
0,00
0,00
0,00
dct3
132957
1.045,00
1.045,00
0,00
0000000023817/2
1
29/09/2022
05/09/2022
11,61
4,95
0,00
0,00
0,00
dct3
132964
1.045,00
1.045,00
0,00
0000000023817/1
1
27/01/2023
05/09/2022
41,68
5,66
0,00
0,00
0,00
dct3
132971
625,00
625,00
0,00
0000000023815/5
1
28/12/2022
05/09/2022
33,00
5,02
0,00
0,00
0,00
dct3
132989
625,00
625,00
0,00
0000000023815/4
1
28/11/2022
05/09/2022
24,31
4,35
0,00
0,00
0,00
dct3
132996
625,00
625,00
0,00
0000000023815/3
1
31/10/2022
05/09/2022
16,21
3,71
0,00
0,00
0,00
dct3
133000
625,00
625,00
0,00
0000000023815/2
1
29/09/2022
05/09/2022
6,94
2,96
0,00
0,00
0,00
dct3
133017
625,00
625,00
0,00
0000000023815/1
1
28/09/2022
05/09/2022
72,73
32,03
0,00
0,00
0,00
dct3
133024
6.825,00
6.825,00
0,00
0000000023810/1
1
27/12/2022
05/09/2022
53,33
8,14
0,00
0,00
0,00
dct3
133031
1.018,75
1.018,75
0,00
0000000023805/4
1
28/11/2022
05/09/2022
39,64
7,09
0,00
0,00
0,00
dct3
133049
1.018,75
1.018,75
0,00
0000000023805/3
1
28/10/2022
05/09/2022
25,01
5,94
0,00
0,00
0,00
dct3
133056
1.018,75
1.018,75
0,00
0000000023805/2
1
28/09/2022
05/09/2022
10,85
4,78
0,00
0,00
0,00
dct3
133063
1.018,75
1.018,75
0,00
0000000023805/1
27.655,00
725,29
164,15
0,00
0,00
0,00
0,00
total histórico:
27.655,00
27.655,00
27.655,00
725,29
164,15
0,00
0,00
0,00
0,00
total operação:
histórico: debito automatico de cheques
1
02/09/2022
05/09/2022
05/08/2022
0,00
0,00
0,00
0,00
0,00
dct1
129294
0,00
2.837,00
0,00
1
02/09/2022
05/09/2022
05/08/2022
0,00
0,00
0,00
0,00
0,00
dct1
129413
0,00
1.448,55
0,00
0,00
0,00
0,00
0,00
0,00
0,00
0,00
total histórico:
4.285,55
histórico: liq via corresp bancario - dinheiro
1
05/09/2022
05/09/2022
27/05/2022
0,00
0,00
0,00
0,00
0,00
dct3
120280
0,00
618,45
0,00
1
05/09/2022
05/09/2022
05/08/2022
0,00
0,00
0,00
0,00
0,00
dct3
129628
0,00
632,40
0,00
tit014
pág.:66/380
