riofer metais tecnologia em aco ltda
hora:
página:
13:43
rod doutor jose vasconcellos dos reis, 330 lote 06
zona rural - sao jose do rio pardo - sp
13720-000 - (19) 3681-6519
cnpj: 08.236.455/0001-12 i.e.: 646.138.092.112
data:
02/08/2024
contas à receber - liquidadas - por cliente - moeda: real cotação: 1,00
1
nº lçto. parc
valor parcela
nº documento
mullta
descontos
total pago
vencimento pagto
acréscimos
nº lote
tip.doc.
cliente:
000002   hidromecanica germek ltda
0023283
011783
002
2.140,48
0,00
0,00
2.140,48
202400039
01/07/2024
02/07/
0,00
nfv
0023284
011782
002
3.906,70
0,00
0,00
3.906,70
202400039
01/07/2024
02/07/
0,00
nfv
0023910
012371
001
34,95
0,00
0,00
34,95
202400039
01/07/2024
02/07/
0,00
nfv
0023911
012372
001
4.702,87
0,00
0,00
4.702,87
202400039
01/07/2024
02/07/
0,00
nfv
0023912
012373
001
5.267,43
0,00
0,00
5.267,43
202400039
01/07/2024
02/07/
0,00
nfv
0023920
012374
001
153,55
0,00
0,00
153,55
202400039
01/07/2024
02/07/
0,00
nfv
0023354
011846
002
52,82
0,00
0,00
52,82
202400040
03/07/2024
04/07/
0,00
nfv
0023976
012470
001
1.532,17
0,00
0,00
1.532,17
202400040
04/07/2024
05/07/
0,00
nfv
0023977
012471
001
129,77
0,00
0,00
129,77
202400040
04/07/2024
05/07/
0,00
nfv
0023978
012472
001
7.098,55
0,00
0,00
7.098,55
202400040
04/07/2024
05/07/
0,00
nfv
0023979
012473
001
1.971,74
0,00
0,00
1.971,74
202400040
04/07/2024
05/07/
0,00
nfv
0023980
012474
001
204,90
0,00
0,00
204,90
202400040
04/07/2024
05/07/
0,00
nfc_s
0023497
011986
002
580,11
0,00
0,00
580,11
202400040
08/07/2024
08/07/
0,00
nfv
0023498
011987
002
1.294,06
0,00
0,00
1.294,06
202400040
08/07/2024
08/07/
0,00
nfv
0023499
011988
002
347,79
0,00
0,00
347,79
202400040
08/07/2024
08/07/
0,00
nfv
0024074
012524
001
262,70
0,00
0,00
262,70
202400040
08/07/2024
08/07/
0,00
nfv
0024075
012525
001
43,65
0,00
0,00
43,65
202400040
08/07/2024
08/07/
0,00
nfv
0024076
012526
001
910,96
0,00
0,00
910,96
202400040
08/07/2024
08/07/
0,00
nfv
0023580
012060
002
257,00
0,00
0,00
257,00
202400043
10/07/2024
11/07/
0,00
nfv
0023581
012061
002
1.047,72
0,00
0,00
1.047,72
202400043
10/07/2024
11/07/
0,00
nfv
0023582
012062
002
423,35
0,00
0,00
423,35
202400043
10/07/2024
11/07/
0,00
nfv
0023623
012102
002
764,79
0,00
0,00
764,79
202400044
11/07/2024
12/07/
0,00
nfv
0023624
012103
002
1.082,91
0,00
0,00
1.082,91
202400044
11/07/2024
12/07/
0,00
nfv
0024152
012590
001
547,80
0,00
0,00
547,80
202400044
12/07/2024
15/07/
0,00
nfv
0024153
012591
001
1.221,65
0,00
0,00
1.221,65
202400044
12/07/2024
15/07/
0,00
nfv
0024154
012592
001
5.457,91
0,00
0,00
5.457,91
202400044
12/07/2024
15/07/
0,00
nfv
0024155
012593
001
29,41
0,00
0,00
29,41
202400044
12/07/2024
15/07/
0,00
nfv
0024156
012594
001
467,64
0,00
0,00
467,64
202400044
12/07/2024
15/07/
0,00
nfc_s
0024176
012611
001
806,32
0,00
0,00
806,32
202400044
15/07/2024
16/07/
0,00
nfv
0024177
012610
001
2.273,01
0,00
0,00
2.273,01
202400044
15/07/2024
16/07/
0,00
nfv
0024180
012609
001
1.156,38
0,00
0,00
1.156,38
202400044
15/07/2024
16/07/
0,00
nfc_s
0024225
012654
001
1.304,67
0,00
0,00
1.304,67
202400044
15/07/2024
16/07/
0,00
nfv
0024241
012666
001
3.413,23
0,00
0,00
3.413,23
202400044
16/07/2024
17/07/
0,00
nfv
0024242
012665
001
41,90
0,00
0,00
41,90
202400044
16/07/2024
17/07/
0,00
nfc_s
0024244
012668
001
403,70
0,00
0,00
403,70
202400044
16/07/2024
17/07/
0,00
nfv
0024245
012667
001
3.672,40
0,00
0,00
3.672,40
202400044
16/07/2024
17/07/
0,00
nfv
0023796
012266
002
27,35
0,00
0,00
27,35
202400045
18/07/2024
19/07/
0,00
nfv
0024275
012687
001
89,64
0,00
0,00
89,64
202400045
18/07/2024
19/07/
0,00
nfv
0024276
012688
001
3.440,27
0,00
0,00
3.440,27
202400045
18/07/2024
19/07/
0,00
nfv
0024277
012689
001
725,23
0,00
0,00
725,23
202400045
18/07/2024
19/07/
0,00
nfv
0024279
012690
001
232,44
0,00
0,00
232,44
202400045
18/07/2024
19/07/
0,00
nfv
0024320
012723
001
531,53
0,00
0,00
531,53
202400045
19/07/2024
22/07/
0,00
nfv
0024326
012743
001
490,65
0,00
0,00
490,65
202400045
22/07/2024
23/07/
0,00
nfv
0024327
012742
001
159,72
0,00
0,00
159,72
202400045
22/07/2024
23/07/
0,00
nfv
0024328
012741
001
1.293,99
0,00
0,00
1.293,99
202400045
22/07/2024
23/07/
0,00
nfv
0024329
012739
001
1.579,82
0,00
0,00
1.579,82
202400045
22/07/2024
23/07/
0,00
nfv
0024391
012791
001
3.714,08
0,00
0,00
3.714,08
202400046
23/07/2024
24/07/
0,00
nfv
0024392
012792
001
122,70
0,00
0,00
122,70
202400046
23/07/2024
24/07/
0,00
nfv
0024393
012793
001
315,46
0,00
0,00
315,46
202400046
23/07/2024
24/07/
0,00
nfv
0024395
012794
001
497,95
0,00
0,00
497,95
202400046
23/07/2024
24/07/
0,00
nfv
0024396
012795
001
146,94
0,00
0,00
146,94
202400046
23/07/2024
24/07/
0,00
nfv
 | orores
riofer metais tecnologia em aco ltda
hora:
página:
13:43
rod doutor jose vasconcellos dos reis, 330 lote 06
zona rural - sao jose do rio pardo - sp
13720-000 - (19) 3681-6519
cnpj: 08.236.455/0001-12 i.e.: 646.138.092.112
data:
02/08/2024
contas à receber - liquidadas - por cliente - moeda: real cotação: 1,00
2
nº lçto. parc
valor parcela
nº documento
mullta
descontos
total pago
vencimento pagto
acréscimos
nº lote
tip.doc.
cliente:
000002   hidromecanica germek ltda
0024398
012796
001
3.187,52
0,00
0,00
3.187,52
202400046
23/07/2024
24/07/
0,00
nfv
0024402
012801
001
9.419,49
0,00
1.470,00
7.949,49
202400046
23/07/2024
24/07/
0,00
nfv
0024410
012809
001
5.672,25
0,00
0,00
5.672,25
202400046
24/07/2024
25/07/
0,00
nfv
0024411
012810
001
4.735,49
0,00
0,00
4.735,49
202400046
24/07/2024
25/07/
0,00
nfv
0024412
012811
001
1.357,51
0,00
0,00
1.357,51
202400046
24/07/2024
25/07/
0,00
nfv
0024413
012812
001
677,55
0,00
0,00
677,55
202400046
24/07/2024
25/07/
0,00
nfv
0024414
012813
001
804,35
0,00
0,00
804,35
202400046
24/07/2024
25/07/
0,00
nfv
0024415
012815
001
14,70
0,00
0,00
14,70
202400046
24/07/2024
25/07/
0,00
nfv
0024416
012814
001
220,96
0,00
0,00
220,96
202400046
24/07/2024
25/07/
0,00
nfv
0024420
012816
001
818,68
0,00
0,00
818,68
202400046
25/07/2024
26/07/
0,00
nfv
0024421
012817
001
216,61
0,00
0,00
216,61
202400046
25/07/2024
26/07/
0,00
nfv
0024422
012818
001
343,77
0,00
0,00
343,77
202400046
25/07/2024
26/07/
0,00
nfv
0024423
012819
001
79,30
0,00
0,00
79,30
202400046
25/07/2024
26/07/
0,00
nfv
0024453
012849
001
296,76
0,00
0,00
296,76
202400046
25/07/2024
26/07/
0,00
nfv
0024454
012850
001
10,84
0,00
0,00
10,84
202400046
25/07/2024
26/07/
0,00
nfv
0024455
012851
001
101,63
0,00
0,00
101,63
202400046
25/07/2024
26/07/
0,00
nfv
0024456
012852
001
1.258,70
0,00
0,00
1.258,70
202400046
25/07/2024
26/07/
0,00
nfv
0024457
012853
001
14,12
0,00
0,00
14,12
202400046
25/07/2024
26/07/
0,00
nfv
0024458
012854
001
37,36
0,00
0,00
37,36
202400046
25/07/2024
26/07/
0,00
nfc_s
0024459
012855
001
60,34
0,00
0,00
60,34
202400046
25/07/2024
26/07/
0,00
nfv
0024471
012865
001
1.246,58
0,00
0,00
1.246,58
202400046
26/07/2024
26/07/
0,00
nfv
0024472
012866
001
2.484,86
0,00
0,00
2.484,86
202400046
26/07/2024
26/07/
0,00
nfv
0024473
012867
001
44,65
0,00
0,00
44,65
202400046
26/07/2024
26/07/
0,00
nfv
0024474
012868
001
268,32
0,00
0,00
268,32
202400046
26/07/2024
26/07/
0,00
nfc_s
0024483
012883
001
1.536,76
0,00
0,00
1.536,76
202400047
29/07/2024
30/07/
0,00
nfv
0024484
012882
001
131,93
0,00
0,00
131,93
202400047
29/07/2024
30/07/
0,00
nfv
0024485
012881
001
48,94
0,00
0,00
48,94
202400047
29/07/2024
30/07/
0,00
nfv
0024495
012880
001
156,20
0,00
0,00
156,20
202400047
29/07/2024
30/07/
0,00
nfv
0024496
012884
001
196,80
0,00
0,00
196,80
202400047
29/07/2024
30/07/
0,00
nfc_s
0024514
012905
001
316,42
0,00
0,00
316,42
202400047
29/07/2024
30/07/
0,00
nfc_s
0024518
012910
001
440,71
0,00
0,00
440,71
202400047
29/07/2024
30/07/
0,00
nfv
0024519
012909
001
610,60
0,00
0,00
610,60
202400047
29/07/2024
30/07/
0,00
nfv
0024520
012908
001
4,88
0,00
0,00
4,88
202400047
29/07/2024
30/07/
0,00
nfv
sub-total:
105.190,34
0,00
1.470,00
103.720,34
0,00
cliente:
000003   agf importacao, exportacao e comercializacao de maquinas e acessorios ltda
0023916
012378
001
4.524,21
0,00
0,00
4.524,21
202400039
01/07/2024
02/07/
0,00
nfc_s
0023958
012417
001
191,38
0,00
0,00
191,38
202400040
02/07/2024
03/07/
0,00
nfc_s
0023959
012418
001
73,75
0,00
0,00
73,75
202400040
02/07/2024
03/07/
0,00
nfc_s
0023962
012421
001
223,05
0,00
0,00
223,05
202400040
02/07/2024
03/07/
0,00
nfc_s
0023983
012436
001
580,68
0,00
0,00
580,68
202400040
04/07/2024
05/07/
0,00
nfc_s
0023984
012439
001
2.971,32
0,00
0,00
2.971,32
202400040
04/07/2024
05/07/
0,00
nfc_s
0023985
012437
001
13,63
0,00
0,00
13,63
202400040
04/07/2024
05/07/
0,00
nfc_s
0023986
012438
001
1.164,17
0,00
0,00
1.164,17
202400040
04/07/2024
05/07/
0,00
nfc_s
0023987
012440
001
920,38
0,00
0,00
920,38
202400040
04/07/2024
05/07/
0,00
nfc_s
0023988
012441
001
55,78
0,00
0,00
55,78
202400040
04/07/2024
05/07/
0,00
nfc_s
0024093
012538
001
2.097,39
0,00
0,00
2.097,39
202400043
09/07/2024
11/07/
0,00
nfc_s
0024094
012539
001
1.336,74
0,00
0,00
1.336,74
202400043
09/07/2024
11/07/
0,00
nfc_s
0024095
012540
001
76,63
0,00
0,00
76,63
202400043
09/07/2024
11/07/
0,00
nfc_s
0024096
012543
001
245,55
0,00
0,00
245,55
202400043
09/07/2024
11/07/
0,00
nfc_s
0024097
012542
001
1.579,10
0,00
0,00
1.579,10
202400043
09/07/2024
11/07/
0,00
nfc_s
 | orores
riofer metais tecnologia em aco ltda
hora:
página:
13:43
rod doutor jose vasconcellos dos reis, 330 lote 06
zona rural - sao jose do rio pardo - sp
13720-000 - (19) 3681-6519
cnpj: 08.236.455/0001-12 i.e.: 646.138.092.112
data:
02/08/2024
contas à receber - liquidadas - por cliente - moeda: real cotação: 1,00
3
nº lçto. parc
valor parcela
nº documento
mullta
descontos
total pago
vencimento pagto
acréscimos
nº lote
tip.doc.
cliente:
000003   agf importacao, exportacao e comercializacao de maquinas e acessorios ltda
0024098
012541
001
42,68
0,00
0,00
42,68
202400043
09/07/2024
11/07/
0,00
nfc_s
0024099
012544
001
19,54
0,00
0,00
19,54
202400043
09/07/2024
11/07/
0,00
nfc_s
0024157
012588
001
32,80
0,00
0,00
32,80
202400044
12/07/2024
15/07/
0,00
nfc_s
0024158
012598
001
1.645,06
0,00
0,00
1.645,06
202400044
12/07/2024
15/07/
0,00
nfc_s
0024159
012587
001
906,78
0,00
0,00
906,78
202400044
12/07/2024
15/07/
0,00
nfc_s
0024160
012595
001
826,99
0,00
0,00
826,99
202400044
12/07/2024
15/07/
0,00
nfc_s
0024161
012589
001
834,32
0,00
0,00
834,32
202400044
12/07/2024
15/07/
0,00
nfv
0024162
012585
001
147,82
0,00
0,00
147,82
202400044
12/07/2024
15/07/
0,00
nfv
0024163
012597
001
5.949,08
0,00
0,00
5.949,08
202400044
12/07/2024
15/07/
0,00
nfv
0024164
012586
001
33,37
0,00
0,00
33,37
202400044
12/07/2024
15/07/
0,00
nfc_s
0024166
012599
001
281,18
0,00
0,00
281,18
202400044
12/07/2024
15/07/
0,00
nfv
0024274
012686
001
2.858,45
0,00
0,00
2.858,45
202400045
18/07/2024
19/07/
0,00
nfc_s
0024278
012691
001
2.153,88
0,00
0,00
2.153,88
202400045
18/07/2024
19/07/
0,00
nfc_s
0024282
012695
001
6.781,82
0,00
0,00
6.781,82
202400045
18/07/2024
19/07/
0,00
nfc_s
0024283
012694
001
6,71
0,00
0,00
6,71
202400045
18/07/2024
19/07/
0,00
nfc_s
0024284
012696
001
660,86
0,00
0,00
660,86
202400045
18/07/2024
19/07/
0,00
nfc_s
0024285
012697
001
44,64
0,00
0,00
44,64
202400045
18/07/2024
19/07/
0,00
nfc_s
0024324
012726
001
547,00
0,00
0,00
547,00
202400045
19/07/2024
22/07/
0,00
nfc_s
0024346
012755
001
2.012,70
0,00
0,00
2.012,70
202400045
22/07/2024
23/07/
0,00
nfc_s
0024347
012753
001
1.377,80
0,00
0,00
1.377,80
202400045
22/07/2024
23/07/
0,00
nfc_s
0024322
012724
001
5.433,90
0,00
0,00
5.433,90
202400045
22/07/2024
23/07/
0,00
nfc_s
0024323
012725
001
2.521,21
0,00
0,00
2.521,21
202400045
22/07/2024
23/07/
0,00
nfc_s
0024354
012754
001
344,14
0,00
0,00
344,14
202400045
22/07/2024
23/07/
0,00
nfc_s
0024355
012756
001
2.627,58
0,00
0,00
2.627,58
202400045
22/07/2024
23/07/
0,00
nfc_s
0024417
012807
001
4.706,11
0,00
0,00
4.706,11
202400046
25/07/2024
26/07/
0,00
nfc_s
0024460
012848
001
258,52
0,00
0,00
258,52
202400046
25/07/2024
26/07/
0,00
nfc_s
0024444
012839
001
9.343,01
0,00
0,00
9.343,01
202400046
25/07/2024
26/07/
0,00
nfc_s
0024445
012847
001
643,06
0,00
0,00
643,06
202400046
25/07/2024
26/07/
0,00
nfc_s
0024446
012840
001
1.306,64
0,00
0,00
1.306,64
202400046
25/07/2024
26/07/
0,00
nfc_s
0024447
012841
001
4.360,01
0,00
0,00
4.360,01
202400046
25/07/2024
26/07/
0,00
nfc_s
0024448
012842
001
10,28
0,00
0,00
10,28
202400046
25/07/2024
26/07/
0,00
nfc_s
0024449
012843
001
4,99
0,00
0,00
4,99
202400046
25/07/2024
26/07/
0,00
nfc_s
0024450
012844
001
1.291,76
0,00
0,00
1.291,76
202400046
25/07/2024
26/07/
0,00
nfv
0024451
012845
001
1.973,16
0,00
0,00
1.973,16
202400046
25/07/2024
26/07/
0,00
nfv
0024491
012875
001
1.489,78
0,00
0,00
1.489,78
202400046
26/07/2024
29/07/
0,00
nfv
0024516
012907
001
1.056,12
0,00
0,00
1.056,12
202400047
29/07/2024
30/07/
0,00
nfc_s
0024517
012906
001
20,04
0,00
0,00
20,04
202400047
29/07/2024
30/07/
0,00
nfc_s
0024503
012894
001
3.869,37
0,00
0,00
3.869,37
202400047
29/07/2024
30/07/
0,00
nfc_s
0024504
012895
001
281,90
0,00
0,00
281,90
202400047
29/07/2024
30/07/
0,00
nfc_s
0024486
012888
001
3.751,27
0,00
0,00
3.751,27
202400047
29/07/2024
30/07/
0,00
nfc_s
0024487
012878
001
4.219,56
0,00
0,00
4.219,56
202400047
29/07/2024
30/07/
0,00
nfc_s
0024488
012877
001
381,25
0,00
0,00
381,25
202400047
29/07/2024
30/07/
0,00
nfc_s
0024489
012876
001
83,81
0,00
0,00
83,81
202400047
29/07/2024
30/07/
0,00
nfc_s
0024490
012889
001
8,00
0,00
0,00
8,00
202400047
29/07/2024
30/07/
0,00
nfc_s
0024492
012874
001
543,14
0,00
0,00
543,14
202400047
29/07/2024
30/07/
0,00
nfv
0024527
012916
001
615,37
0,00
0,00
615,37
202400047
30/07/2024
31/07/
0,00
nfv
0024528
012917
001
100,85
0,00
0,00
100,85
202400047
30/07/2024
31/07/
0,00
nfc_s
0024540
012927
001
4.337,93
0,00
0,00
4.337,93
202400047
30/07/2024
31/07/
0,00
nfv
sub-total:
98.800,00
0,00
0,00
98.800,00
0,00
cliente:
000021   giglio e giglio ltda
 | orores
riofer metais tecnologia em aco ltda
hora:
página:
13:43
rod doutor jose vasconcellos dos reis, 330 lote 06
zona rural - sao jose do rio pardo - sp
13720-000 - (19) 3681-6519
cnpj: 08.236.455/0001-12 i.e.: 646.138.092.112
data:
02/08/2024
contas à receber - liquidadas - por cliente - moeda: real cotação: 1,00
4
nº lçto. parc
valor parcela
nº documento
mullta
descontos
total pago
vencimento pagto
acréscimos
nº lote
tip.doc.
cliente:
000021   giglio e giglio ltda
0016973
006186
001
10.566,55
0,00
0,00
2.261,70
202400047
21/06/2023
30/07/
0,00
nfv
0016974
006187
001
9.268,25
0,00
0,00
3.318,30
202400047
21/06/2023
30/07/
0,00
nfv
0016972
006185
001
7.879,30
0,00
0,00
1.925,15
202400046
21/06/2023
24/07/
0,00
nfv
0016973
006186
001
10.566,55
0,00
0,00
8.304,85
202400047
21/06/2023
24/07/
0,00
nfv
0016972
006185
001
7.879,30
0,00
0,00
5.239,00
202400046
21/06/2023
22/07/
0,00
nfv
0016970
006183
001
8.121,40
0,00
0,00
2.229,85
202400045
21/06/2023
05/07/
0,00
nfv
0016972
006185
001
7.879,30
0,00
0,00
715,15
202400045
21/06/2023
05/07/
0,00
nfv
sub-total:
35.835,50
0,00
0,00
23.994,00
0,00
cliente:
000022   ibimaq industria, comercio e servicos ltda
0024113
012555
001
1.865,44
0,00
0,00
1.865,44
202400041
12/07/2024
10/07/
0,00
nfv
0024113
012555
002
1.865,44
0,00
0,00
1.865,44
202400045
27/07/2024
23/07/
0,00
nfv
sub-total:
3.730,88
0,00
0,00
3.730,88
0,00
cliente:
000023   bauer do brasil sistemas de irrigacao e de tratamento residual ltda
0023210
011704
003
6.973,82
0,00
0,00
6.973,82
202400039
29/06/2024
02/07/
0,00
nfv
0023565
012047
002
5.024,25
0,00
0,00
5.024,25
202400039
29/06/2024
02/07/
0,00
nfv
0023566
012048
002
5.089,50
0,00
0,00
5.089,50
202400039
29/06/2024
02/07/
0,00
nfv
0023567
012049
002
2.868,84
0,00
0,00
2.868,84
202400039
29/06/2024
02/07/
0,00
nfv
0023568
012050
002
3.118,37
0,00
0,00
3.118,37
202400039
29/06/2024
02/07/
0,00
nfv
0023569
012051
002
71,60
0,00
0,00
71,60
202400039
29/06/2024
02/07/
0,00
nfv
0023570
012052
002
455,61
0,00
0,00
455,61
202400039
29/06/2024
02/07/
0,00
nfv
0023572
012053
002
4.832,10
0,00
0,00
4.832,10
202400039
29/06/2024
02/07/
0,00
nfv
0023573
012054
002
2.974,99
0,00
0,00
2.974,99
202400039
29/06/2024
02/07/
0,00
nfv
0023574
012055
002
2.061,90
0,00
0,00
2.061,90
202400039
29/06/2024
02/07/
0,00
nfv
0023575
012056
002
2.216,97
0,00
0,00
2.216,97
202400039
29/06/2024
02/07/
0,00
nfv
0023576
012057
002
2.042,53
0,00
0,00
2.042,53
202400039
29/06/2024
02/07/
0,00
nfv
0023578
012058
002
576,17
0,00
0,00
576,17
202400039
29/06/2024
02/07/
0,00
nfv
0023602
012082
001
662,04
0,00
0,00
662,04
202400039
29/06/2024
02/07/
0,00
nfv
0023603
012081
002
4.562,70
0,00
0,00
4.562,70
202400039
29/06/2024
02/07/
0,00
nfv
0023604
012083
002
1.364,79
0,00
0,00
1.364,79
202400039
29/06/2024
02/07/
0,00
nfv
0023605
012084
002
7.420,49
0,00
0,00
7.420,49
202400039
29/06/2024
02/07/
0,00
nfv
0023606
012086
002
6.873,90
0,00
0,00
6.873,90
202400039
29/06/2024
02/07/
0,00
nfv
0023607
012085
002
3.664,22
0,00
0,00
3.664,22
202400039
29/06/2024
02/07/
0,00
nfv
0023608
012089
002
3.296,38
0,00
0,00
3.296,38
202400039
29/06/2024
02/07/
0,00
nfv
0023609
012087
002
497,97
0,00
0,00
497,97
202400039
29/06/2024
02/07/
0,00
nfv
0023610
012088
002
933,58
0,00
0,00
933,58
202400039
29/06/2024
02/07/
0,00
nfv
0023611
012092
002
5.713,29
0,00
0,00
5.713,29
202400039
29/06/2024
02/07/
0,00
nfv
0023612
012090
002
6.263,14
0,00
0,00
6.263,14
202400039
29/06/2024
02/07/
0,00
nfv
0023613
012091
002
19,50
0,00
0,00
19,50
202400039
29/06/2024
02/07/
0,00
nfv
0023614
012093
002
1.210,24
0,00
0,00
1.210,24
202400039
29/06/2024
02/07/
0,00
nfv
0023615
012095
002
4.693,87
0,00
0,00
4.693,87
202400039
29/06/2024
02/07/
0,00
nfv
0023616
012094
002
1.612,62
0,00
0,00
1.612,62
202400039
29/06/2024
02/07/
0,00
nfv
0023617
012096
002
594,89
0,00
0,00
594,89
202400039
29/06/2024
02/07/
0,00
nfv
0023618
012098
002
5.768,32
0,00
0,00
5.768,32
202400039
29/06/2024
02/07/
0,00
nfv
0023619
012097
002
3.457,02
0,00
0,00
3.457,02
202400039
29/06/2024
02/07/
0,00
nfv
0023620
012099
002
56,49
0,00
0,00
56,49
202400039
29/06/2024
02/07/
0,00
nfv
0023621
012100
002
5.869,88
0,00
0,00
5.869,88
202400039
29/06/2024
02/07/
0,00
nfv
0023627
012106
002
6.283,47
0,00
0,00
6.283,47
202400039
30/06/2024
02/07/
0,00
nfv
0023628
012107
002
5.573,55
0,00
0,00
5.573,55
202400039
30/06/2024
02/07/
0,00
nfv
0023630
012108
002
3.454,67
0,00
0,00
3.454,67
202400039
30/06/2024
02/07/
0,00
nfv
0023180
011675
003
2.357,37
0,00
0,00
2.357,37
202400039
30/06/2024
02/07/
0,00
nfv
 | orores
riofer metais tecnologia em aco ltda
hora:
página:
13:43
rod doutor jose vasconcellos dos reis, 330 lote 06
zona rural - sao jose do rio pardo - sp
13720-000 - (19) 3681-6519
cnpj: 08.236.455/0001-12 i.e.: 646.138.092.112
data:
02/08/2024
contas à receber - liquidadas - por cliente - moeda: real cotação: 1,00
5
nº lçto. parc
valor parcela
nº documento
mullta
descontos
total pago
vencimento pagto
acréscimos
nº lote
tip.doc.
cliente:
000023   bauer do brasil sistemas de irrigacao e de tratamento residual ltda
0023182
011677
003
1.835,39
0,00
0,00
1.835,39
202400039
30/06/2024
02/07/
0,00
nfv
0023204
011698
003
17,13
0,00
0,00
17,13
202400039
30/06/2024
02/07/
0,00
nfv
0023635
012114
002
259,07
0,00
0,00
259,07
202400039
30/06/2024
02/07/
0,00
nfv
0023636
012115
002
7.274,99
0,00
0,00
7.274,99
202400039
30/06/2024
02/07/
0,00
nfv
0023637
012116
002
6.104,63
0,00
0,00
6.104,63
202400039
30/06/2024
02/07/
0,00
nfv
0023638
012117
002
30.571,70
0,00
0,00
30.571,70
202400039
30/06/2024
02/07/
0,00
nfv
0023640
012119
002
4.002,00
0,00
0,00
4.002,00
202400039
30/06/2024
02/07/
0,00
nfv
0023226
011718
003
1.743,45
0,00
0,00
1.743,45
202400039
01/07/2024
02/07/
0,00
nfv
0023909
012392
001
140.464,93
0,00
0,00
140.464,93
202400040
03/07/2024
04/07/
0,00
nfv
0023913
012390
001
12.862,75
0,00
0,00
12.862,75
202400040
03/07/2024
04/07/
0,00
nfv
0023914
012389
001
18.905,10
0,00
0,00
18.905,10
202400040
03/07/2024
04/07/
0,00
nfv
0023927
012386
001
1.428,34
0,00
0,00
1.428,34
202400040
03/07/2024
04/07/
0,00
nfv
0023931
012393
001
32.146,50
0,00
0,00
32.146,50
202400040
03/07/2024
04/07/
0,00
nfv
0023932
012394
001
382,13
0,00
0,00
382,13
202400040
03/07/2024
04/07/
0,00
nfv
0023934
012396
001
210,81
0,00
0,00
210,81
202400040
03/07/2024
04/07/
0,00
nfv
0023936
012397
001
15.504,46
0,00
0,00
15.504,46
202400040
03/07/2024
04/07/
0,00
nfv
0023951
012413
001
908,98
0,00
0,00
908,98
202400040
04/07/2024
05/07/
0,00
nfv
0023953
012414
001
114,67
0,00
0,00
114,67
202400040
04/07/2024
05/07/
0,00
nfv
0023954
012415
001
49.495,81
0,00
0,00
49.495,81
202400040
04/07/2024
05/07/
0,00
nfv
0023956
012412
001
12,36
0,00
0,00
12,36
202400040
04/07/2024
05/07/
0,00
nfv
0023957
012416
001
9.817,48
0,00
0,00
9.817,48
202400040
04/07/2024
05/07/
0,00
nfv
0023704
012183
002
88.369,25
0,00
0,00
88.369,25
202400040
04/07/2024
05/07/
0,00
nfv
0023705
012184
002
588,08
0,00
0,00
588,08
202400040
04/07/2024
05/07/
0,00
nfv
0023706
012182
002
9.519,98
0,00
0,00
9.519,98
202400040
04/07/2024
05/07/
0,00
nfv
0023707
012185
002
2.494,47
0,00
0,00
2.494,47
202400040
04/07/2024
05/07/
0,00
nfv
0023708
012186
002
55,17
0,00
0,00
55,17
202400040
04/07/2024
05/07/
0,00
nfv
0023941
012407
001
10.062,18
0,00
0,00
10.062,18
202400040
04/07/2024
05/07/
0,00
nfv
0023279
011771
003
2.353,55
0,00
0,00
2.353,55
202400040
05/07/2024
08/07/
0,00
nfv
0023281
011773
003
375,76
0,00
0,00
375,76
202400040
05/07/2024
08/07/
0,00
nfv
0023293
011786
003
123,38
0,00
0,00
123,38
202400040
05/07/2024
08/07/
0,00
nfv
0023299
011791
003
1.159,95
0,00
0,00
1.159,95
202400040
05/07/2024
08/07/
0,00
nfv
0023300
011792
003
1.913,46
0,00
0,00
1.913,46
202400040
05/07/2024
08/07/
0,00
nfv
0023309
011801
003
2.921,03
0,00
0,00
2.921,03
202400040
05/07/2024
08/07/
0,00
nfv
0023966
012428
001
1.752,62
0,00
0,00
1.752,62
202400040
05/07/2024
08/07/
0,00
nfv
0023968
012431
001
35.719,86
0,00
0,00
35.719,86
202400040
05/07/2024
08/07/
0,00
nfv
0023711
012188
002
65.912,29
0,00
0,00
65.912,29
202400040
05/07/2024
08/07/
0,00
nfv
0023714
012189
002
361,39
0,00
0,00
361,39
202400040
05/07/2024
08/07/
0,00
nfv
0023735
012193
002
31.891,70
0,00
0,00
31.891,70
202400040
05/07/2024
08/07/
0,00
nfv
0023737
012194
002
601,64
0,00
0,00
601,64
202400040
05/07/2024
08/07/
0,00
nfv
0023738
012198
002
5.782,35
0,00
0,00
5.782,35
202400040
05/07/2024
08/07/
0,00
nfv
0023748
012225
002
46.607,12
0,00
0,00
46.607,12
202400040
06/07/2024
04/07/
0,00
nfv
0023753
012226
002
932,31
0,00
0,00
932,31
202400040
06/07/2024
04/07/
0,00
nfv
0023799
012267
002
42.796,35
0,00
0,00
42.796,35
202400040
07/07/2024
04/07/
0,00
nfv
0023361
011851
003
31,52
0,00
0,00
31,52
202400040
07/07/2024
04/07/
0,00
nfv
0023381
011871
003
602,31
0,00
0,00
602,31
202400040
07/07/2024
04/07/
0,00
nfv
0023384
011874
003
30,43
0,00
0,00
30,43
202400040
07/07/2024
04/07/
0,00
nfv
0023387
011878
003
2.819,16
0,00
0,00
2.819,16
202400040
07/07/2024
04/07/
0,00
nfv
0023388
011877
003
319,04
0,00
0,00
319,04
202400040
07/07/2024
04/07/
0,00
nfv
0023389
011879
003
2.819,16
0,00
0,00
2.819,16
202400040
07/07/2024
04/07/
0,00
nfv
0023391
011880
003
487,77
0,00
0,00
487,77
202400040
07/07/2024
04/07/
0,00
nfv
0024047
012515
001
39.864,43
0,00
0,00
39.864,43
202400040
07/07/2024
04/07/
0,00
nfv
 | orores
riofer metais tecnologia em aco ltda
hora:
página:
13:43
rod doutor jose vasconcellos dos reis, 330 lote 06
zona rural - sao jose do rio pardo - sp
13720-000 - (19) 3681-6519
cnpj: 08.236.455/0001-12 i.e.: 646.138.092.112
data:
02/08/2024
contas à receber - liquidadas - por cliente - moeda: real cotação: 1,00
6
nº lçto. parc
valor parcela
nº documento
mullta
descontos
total pago
vencimento pagto
acréscimos
nº lote
tip.doc.
cliente:
000023   bauer do brasil sistemas de irrigacao e de tratamento residual ltda
0024052
012516
001
132,39
0,00
0,00
132,39
202400040
07/07/2024
04/07/
0,00
nfv
0024056
012508
001
58,73
0,00
0,00
58,73
202400040
07/07/2024
04/07/
0,00
nfv
0024060
012511
001
1.248,18
0,00
0,00
1.248,18
202400040
07/07/2024
04/07/
0,00
nfc_s
0024065
012513
001
509,82
0,00
0,00
509,82
202400040
07/07/2024
04/07/
0,00
nfc_s
0023801
012272
002
32.100,59
0,00
0,00
32.100,59
202400040
08/07/2024
04/07/
0,00
nfv
0023806
012274
002
5.532,37
0,00
0,00
5.532,37
202400040
08/07/2024
04/07/
0,00
nfv
0023809
012276
002
4.759,99
0,00
0,00
4.759,99
202400040
08/07/2024
04/07/
0,00
nfv
0023810
012277
002
41.902,28
0,00
0,00
41.902,28
202400040
08/07/2024
04/07/
0,00
nfv
0023811
012278
002
4.273,75
0,00
0,00
4.273,75
202400040
08/07/2024
04/07/
0,00
nfv
0023812
012279
002
9.822,30
0,00
0,00
9.822,30
202400040
08/07/2024
04/07/
0,00
nfv
0023477
011960
003
319,55
0,00
0,00
319,55
202400040
09/07/2024
05/07/
0,00
nfv
0023485
011974
003
43,83
0,00
0,00
43,83
202400040
09/07/2024
05/07/
0,00
nfv
0024067
012518
001
3.354,06
0,00
0,00
3.354,06
202400043
10/07/2024
11/07/
0,00
nfv
0024068
012521
001
34.308,14
0,00
0,00
34.308,14
202400043
10/07/2024
11/07/
0,00
nfv
0024073
012522
001
1.318,50
0,00
0,00
1.318,50
202400043
10/07/2024
11/07/
0,00
nfc_s
0024081
012529
001
3.603,90
0,00
0,00
3.603,90
202400043
10/07/2024
11/07/
0,00
nfc_s
0024084
012530
001
2.531,52
0,00
0,00
2.531,52
202400043
10/07/2024
11/07/
0,00
nfc_s
0023817
012285
002
65.400,10
0,00
0,00
65.400,10
202400044
11/07/2024
12/07/
0,00
nfv
0023819
012287
002
4.008,30
0,00
0,00
4.008,30
202400044
11/07/2024
12/07/
0,00
nfv
0023823
012289
002
1.021,14
0,00
0,00
1.021,14
202400044
11/07/2024
12/07/
0,00
nfv
0023824
012288
002
340,38
0,00
0,00
340,38
202400044
11/07/2024
12/07/
0,00
nfv
0024086
012536
001
49.448,17
0,00
0,00
49.448,17
202400044
11/07/2024
12/07/
0,00
nfv
0024088
012532
001
6.708,12
0,00
0,00
6.708,12
202400044
11/07/2024
12/07/
0,00
nfv
0024091
012535
001
1.168,42
0,00
0,00
1.168,42
202400044
11/07/2024
12/07/
0,00
nfv
0024092
012537
001
701,01
0,00
0,00
701,01
202400044
11/07/2024
12/07/
0,00
nfv
0024100
012545
001
15.797,58
0,00
0,00
15.797,58
202400044
11/07/2024
12/07/
0,00
nfv
0023523
012009
003
143,65
0,00
0,00
143,65
202400044
12/07/2024
15/07/
0,00
nfv
0023502
011985
003
4.209,62
0,00
0,00
4.209,62
202400044
12/07/2024
15/07/
0,00
nfv
0023509
011996
003
184,56
0,00
0,00
184,56
202400044
12/07/2024
15/07/
0,00
nfv
0023836
012301
002
1.342,76
0,00
0,00
1.342,76
202400044
12/07/2024
15/07/
0,00
nfv
0023876
012345
002
37.144,13
0,00
0,00
37.144,13
202400044
12/07/2024
15/07/
0,00
nfv
0023877
012346
002
8.157,89
0,00
0,00
8.157,89
202400044
12/07/2024
15/07/
0,00
nfv
0024104
012546
001
1.168,42
0,00
0,00
1.168,42
202400044
12/07/2024
15/07/
0,00
nfv
0024142
012584
001
6,08
0,00
0,00
6,08
202400044
12/07/2024
15/07/
0,00
nfv
0024107
012552
001
40.894,36
0,00
0,00
40.894,36
202400044
12/07/2024
15/07/
0,00
nfv
0024112
012554
001
6.247,49
0,00
0,00
6.247,49
202400044
12/07/2024
15/07/
0,00
nfv
0023881
012348
002
73.610,48
0,00
0,00
73.610,48
202400044
13/07/2024
16/07/
0,00
nfv
0023884
012349
002
11.991,40
0,00
0,00
11.991,40
202400044
13/07/2024
16/07/
0,00
nfv
0024137
012575
001
3.690,05
0,00
0,00
3.690,05
202400044
13/07/2024
16/07/
0,00
nfv
0024139
012576
001
1.752,62
0,00
0,00
1.752,62
202400044
13/07/2024
16/07/
0,00
nfv
0024144
012578
001
3.936,06
0,00
0,00
3.936,06
202400044
14/07/2024
16/07/
0,00
nfv
0024140
012583
001
76.040,12
0,00
0,00
76.040,12
202400044
14/07/2024
16/07/
0,00
nfv
0023604
012083
003
1.364,79
0,00
0,00
1.364,79
202400044
14/07/2024
16/07/
0,00
nfv
0023609
012087
003
497,97
0,00
0,00
497,97
202400044
14/07/2024
16/07/
0,00
nfv
0023620
012099
003
56,49
0,00
0,00
56,49
202400044
14/07/2024
16/07/
0,00
nfv
0023567
012049
003
2.868,83
0,00
0,00
2.868,83
202400044
14/07/2024
16/07/
0,00
nfv
0023570
012052
003
455,60
0,00
0,00
455,60
202400044
14/07/2024
16/07/
0,00
nfv
0024167
012596
001
17.054,55
0,00
0,00
17.054,55
202400044
14/07/2024
16/07/
0,00
nfv
0024172
012604
001
160,49
0,00
0,00
160,49
202400044
15/07/2024
16/07/
0,00
nfv
0024169
012605
001
70.097,65
0,00
0,00
70.097,65
202400045
17/07/2024
18/07/
0,00
nfv
0024170
012600
001
584,21
0,00
0,00
584,21
202400045
17/07/2024
18/07/
0,00
nfv
 | orores
riofer metais tecnologia em aco ltda
hora:
página:
13:43
rod doutor jose vasconcellos dos reis, 330 lote 06
zona rural - sao jose do rio pardo - sp
13720-000 - (19) 3681-6519
cnpj: 08.236.455/0001-12 i.e.: 646.138.092.112
data:
02/08/2024
contas à receber - liquidadas - por cliente - moeda: real cotação: 1,00
7
nº lçto. parc
valor parcela
nº documento
mullta
descontos
total pago
vencimento pagto
acréscimos
nº lote
tip.doc.
cliente:
000023   bauer do brasil sistemas de irrigacao e de tratamento residual ltda
0024171
012601
001
3.410,91
0,00
0,00
3.410,91
202400045
17/07/2024
18/07/
0,00
nfv
0024173
012603
001
886,23
0,00
0,00
886,23
202400045
17/07/2024
18/07/
0,00
nfv
0024174
012602
001
6,79
0,00
0,00
6,79
202400045
17/07/2024
18/07/
0,00
nfv
0024253
012679
001
34,24
0,00
0,00
34,24
202400045
17/07/2024
18/07/
0,00
nfv
0024265
012680
001
340,00
0,00
0,00
340,00
202400045
17/07/2024
18/07/
0,00
nfc_s
0024267
012681
001
340,00
0,00
0,00
340,00
202400045
17/07/2024
18/07/
0,00
nfc_s
0024229
012662
001
57.463,91
0,00
0,00
57.463,91
202400045
18/07/2024
19/07/
0,00
nfv
0024231
012657
001
3.428,10
0,00
0,00
3.428,10
202400045
18/07/2024
19/07/
0,00
nfc_s
0024233
012658
001
12.600,37
0,00
0,00
12.600,37
202400045
18/07/2024
19/07/
0,00
nfv
0023909
012392
002
140.464,93
0,00
0,00
140.464,93
202400045
18/07/2024
19/07/
0,00
nfv
0023913
012390
002
12.862,75
0,00
0,00
12.862,75
202400045
18/07/2024
19/07/
0,00
nfv
0023914
012389
002
18.905,10
0,00
0,00
18.905,10
202400045
18/07/2024
19/07/
0,00
nfv
0023927
012386
002
1.428,33
0,00
0,00
1.428,33
202400045
18/07/2024
19/07/
0,00
nfv
0023931
012393
002
32.146,49
0,00
0,00
32.146,49
202400045
18/07/2024
19/07/
0,00
nfv
0023932
012394
002
382,12
0,00
0,00
382,12
202400045
18/07/2024
19/07/
0,00
nfv
0023934
012396
002
210,80
0,00
0,00
210,80
202400045
18/07/2024
19/07/
0,00
nfv
0023936
012397
002
15.504,46
0,00
0,00
15.504,46
202400045
18/07/2024
19/07/
0,00
nfv
0024312
012718
001
4.262,60
0,00
0,00
4.262,60
202400045
19/07/2024
22/07/
0,00
nfv
0024313
012719
001
196,56
0,00
0,00
196,56
202400045
19/07/2024
22/07/
0,00
nfv
0023705
012184
003
588,08
0,00
0,00
588,08
202400045
19/07/2024
22/07/
0,00
nfv
0023708
012186
003
55,17
0,00
0,00
55,17
202400045
19/07/2024
22/07/
0,00
nfv
0023941
012407
002
10.062,18
0,00
0,00
10.062,18
202400045
19/07/2024
22/07/
0,00
nfv
0023951
012413
002
908,98
0,00
0,00
908,98
202400045
19/07/2024
22/07/
0,00
nfv
0023954
012415
002
49.495,80
0,00
0,00
49.495,80
202400045
19/07/2024
22/07/
0,00
nfv
0023956
012412
002
12,35
0,00
0,00
12,35
202400045
19/07/2024
22/07/
0,00
nfv
0023957
012416
002
9.817,48
0,00
0,00
9.817,48
202400045
19/07/2024
22/07/
0,00
nfv
0024248
012678
001
52.226,48
0,00
0,00
52.226,48
202400045
19/07/2024
22/07/
0,00
nfv
0024250
012671
001
369,18
0,00
0,00
369,18
202400045
19/07/2024
22/07/
0,00
nfc_s
0024252
012672
001
2.920,77
0,00
0,00
2.920,77
202400045
19/07/2024
22/07/
0,00
nfc_s
0024256
012673
001
2.991,15
0,00
0,00
2.991,15
202400045
19/07/2024
22/07/
0,00
nfc_s
0024258
012674
001
281,52
0,00
0,00
281,52
202400045
19/07/2024
22/07/
0,00
nfc_s
0024260
012675
001
105,57
0,00
0,00
105,57
202400045
19/07/2024
22/07/
0,00
nfc_s
0024262
012677
001
1.917,86
0,00
0,00
1.917,86
202400045
19/07/2024
22/07/
0,00
nfc_s
0023737
012194
003
601,64
0,00
0,00
601,64
202400045
20/07/2024
23/07/
0,00
nfv
0024271
012684
001
154,88
0,00
0,00
154,88
202400045
20/07/2024
23/07/
0,00
nfv
0024290
012700
001
100,00
0,00
0,00
100,00
202400045
20/07/2024
23/07/
0,00
nfc_s
0023966
012428
002
1.752,62
0,00
0,00
1.752,62
202400045
20/07/2024
23/07/
0,00
nfv
0023968
012431
002
35.719,85
0,00
0,00
35.719,85
202400045
20/07/2024
23/07/
0,00
nfv
0024292
012701
001
3.475,00
0,00
0,00
3.475,00
202400045
20/07/2024
23/07/
0,00
nfc_s
0024294
012702
001
5.000,00
0,00
0,00
5.000,00
202400045
20/07/2024
23/07/
0,00
nfc_s
0024295
012703
001
33.634,96
0,00
0,00
33.634,96
202400045
20/07/2024
23/07/
0,00
nfv
0024308
012715
001
4.081,94
0,00
0,00
4.081,94
202400045
21/07/2024
23/07/
0,00
nfv
0024309
012716
001
56.946,48
0,00
0,00
56.946,48
202400045
21/07/2024
23/07/
0,00
nfv
0023753
012226
003
932,31
0,00
0,00
932,31
202400045
21/07/2024
23/07/
0,00
nfv
0024047
012515
002
39.864,42
0,00
0,00
39.864,42
202400045
22/07/2024
23/07/
0,00
nfv
0024052
012516
002
132,38
0,00
0,00
132,38
202400045
22/07/2024
23/07/
0,00
nfv
0024056
012508
002
58,73
0,00
0,00
58,73
202400045
22/07/2024
23/07/
0,00
nfv
0024060
012511
002
1.248,18
0,00
0,00
1.248,18
202400045
22/07/2024
23/07/
0,00
nfc_s
0024065
012513
002
509,82
0,00
0,00
509,82
202400045
22/07/2024
23/07/
0,00
nfc_s
0023806
012274
003
5.532,36
0,00
0,00
5.532,36
202400046
23/07/2024
24/07/
0,00
nfv
0023811
012278
003
4.273,75
0,00
0,00
4.273,75
202400046
23/07/2024
24/07/
0,00
nfv
 | orores
riofer metais tecnologia em aco ltda
hora:
página:
13:43
rod doutor jose vasconcellos dos reis, 330 lote 06
zona rural - sao jose do rio pardo - sp
13720-000 - (19) 3681-6519
cnpj: 08.236.455/0001-12 i.e.: 646.138.092.112
data:
02/08/2024
contas à receber - liquidadas - por cliente - moeda: real cotação: 1,00
8
nº lçto. parc
valor parcela
nº documento
mullta
descontos
total pago
vencimento pagto
acréscimos
nº lote
tip.doc.
cliente:
000023   bauer do brasil sistemas de irrigacao e de tratamento residual ltda
0024390
012786
001
1.144,05
0,00
0,00
1.144,05
202400046
25/07/2024
26/07/
0,00
nfv
0024399
012798
001
10.246,62
0,00
0,00
10.246,62
202400046
25/07/2024
26/07/
0,00
nfv
0024401
012800
001
203,77
0,00
0,00
203,77
202400046
25/07/2024
26/07/
0,00
nfv
0024067
012518
002
3.354,06
0,00
0,00
3.354,06
202400046
25/07/2024
26/07/
0,00
nfv
0024068
012521
002
34.308,13
0,00
0,00
34.308,13
202400046
25/07/2024
26/07/
0,00
nfv
0024073
012522
002
1.318,50
0,00
0,00
1.318,50
202400046
25/07/2024
26/07/
0,00
nfc_s
0024081
012529
002
3.603,90
0,00
0,00
3.603,90
202400046
25/07/2024
26/07/
0,00
nfc_s
0024084
012530
002
2.531,52
0,00
0,00
2.531,52
202400046
25/07/2024
26/07/
0,00
nfc_s
0024386
012787
001
76.387,11
0,00
0,00
76.387,11
202400046
25/07/2024
26/07/
0,00
nfv
0024387
012785
001
47,21
0,00
0,00
47,21
202400046
25/07/2024
26/07/
0,00
nfv
0023824
012288
003
340,38
0,00
0,00
340,38
202400046
26/07/2024
29/07/
0,00
nfv
0024086
012536
002
49.448,17
0,00
0,00
49.448,17
202400046
26/07/2024
29/07/
0,00
nfv
0024088
012532
002
6.708,12
0,00
0,00
6.708,12
202400046
26/07/2024
29/07/
0,00
nfv
0024091
012535
002
1.168,41
0,00
0,00
1.168,41
202400046
26/07/2024
29/07/
0,00
nfv
0024092
012537
002
701,00
0,00
0,00
701,00
202400046
26/07/2024
29/07/
0,00
nfv
0024100
012545
002
15.797,58
0,00
0,00
15.797,58
202400046
26/07/2024
29/07/
0,00
nfv
0024142
012584
002
6,07
0,00
0,00
6,07
202400046
26/07/2024
29/07/
0,00
nfv
0024404
012802
001
1.540,00
0,00
0,00
1.540,00
202400046
26/07/2024
29/07/
0,00
nfc_s
0024406
012803
001
1.653,93
0,00
0,00
1.653,93
202400046
26/07/2024
29/07/
0,00
nfc_s
0024407
012805
001
57.093,46
0,00
0,00
57.093,46
202400046
26/07/2024
29/07/
0,00
nfv
0024408
012804
001
4.662,60
0,00
0,00
4.662,60
202400046
26/07/2024
29/07/
0,00
nfv
0024409
012806
001
109,47
0,00
0,00
109,47
202400046
26/07/2024
29/07/
0,00
nfv
0024419
012820
001
2.402,98
0,00
0,00
2.402,98
202400046
26/07/2024
29/07/
0,00
nfv
0023877
012346
003
8.157,89
0,00
0,00
8.157,89
202400047
27/07/2024
30/07/
0,00
nfv
0024104
012546
002
1.168,41
0,00
0,00
1.168,41
202400047
27/07/2024
30/07/
0,00
nfv
0024112
012554
002
6.247,49
0,00
0,00
6.247,49
202400047
27/07/2024
30/07/
0,00
nfv
0024107
012552
002
40.894,35
0,00
0,00
40.894,35
202400047
27/07/2024
30/07/
0,00
nfv
0024418
012808
001
17.152,70
0,00
0,00
17.152,70
202400047
27/07/2024
30/07/
0,00
nfv
0024438
012833
001
18.978,78
0,00
0,00
18.978,78
202400047
27/07/2024
30/07/
0,00
nfv
0024439
012834
001
3.700,89
0,00
0,00
3.700,89
202400047
27/07/2024
30/07/
0,00
nfv
0024440
012835
001
5.731,85
0,00
0,00
5.731,85
202400047
27/07/2024
30/07/
0,00
nfv
0024441
012836
001
71.261,42
0,00
0,00
71.261,42
202400047
27/07/2024
30/07/
0,00
nfv
0024442
012837
001
1.662,45
0,00
0,00
1.662,45
202400047
27/07/2024
30/07/
0,00
nfv
0024443
012838
001
35,87
0,00
0,00
35,87
202400047
27/07/2024
30/07/
0,00
nfv
0024137
012575
002
3.690,05
0,00
0,00
3.690,05
202400047
28/07/2024
30/07/
0,00
nfv
0024139
012576
002
1.752,62
0,00
0,00
1.752,62
202400047
28/07/2024
30/07/
0,00
nfv
0024494
012885
001
38.657,25
0,00
0,00
38.657,25
202400047
28/07/2024
30/07/
0,00
nfv
0024498
012887
001
1.444,98
0,00
0,00
1.444,98
202400047
28/07/2024
30/07/
0,00
nfv
0024499
012890
001
4.379,83
0,00
0,00
4.379,83
202400047
28/07/2024
30/07/
0,00
nfv
0024462
012857
001
75.031,43
0,00
0,00
75.031,43
202400047
28/07/2024
30/07/
0,00
nfv
0024463
012858
001
3.076,98
0,00
0,00
3.076,98
202400047
28/07/2024
30/07/
0,00
nfv
0024464
012859
001
161,37
0,00
0,00
161,37
202400047
28/07/2024
30/07/
0,00
nfv
0024465
012860
001
167,39
0,00
0,00
167,39
202400047
28/07/2024
30/07/
0,00
nfv
0023884
012349
003
11.991,40
0,00
0,00
11.991,40
202400047
28/07/2024
30/07/
0,00
nfv
0024140
012583
002
76.040,12
0,00
0,00
76.040,12
202400047
29/07/2024
30/07/
0,00
nfv
0024144
012578
002
3.936,06
0,00
0,00
3.936,06
202400047
29/07/2024
30/07/
0,00
nfv
0024167
012596
002
17.054,54
0,00
0,00
17.054,54
202400047
29/07/2024
30/07/
0,00
nfv
sub-total:
2.825.714,56
0,00
0,002.825.714,56
0,00
cliente:
000031   terraverde maquinas agricolas ltda
0023964
012426
001
102,97
0,00
0,00
102,97
202400040
02/07/2024
03/07/
0,00
nfv
 | orores
riofer metais tecnologia em aco ltda
hora:
página:
13:43
rod doutor jose vasconcellos dos reis, 330 lote 06
zona rural - sao jose do rio pardo - sp
13720-000 - (19) 3681-6519
cnpj: 08.236.455/0001-12 i.e.: 646.138.092.112
data:
02/08/2024
contas à receber - liquidadas - por cliente - moeda: real cotação: 1,00
9
nº lçto. parc
valor parcela
nº documento
mullta
descontos
total pago
vencimento pagto
acréscimos
nº lote
tip.doc.
cliente:
000031   terraverde maquinas agricolas ltda
0023965
012427
001
2.728,28
0,00
0,00
2.728,28
202400040
04/07/2024
05/07/
0,00
nfv
0024247
012670
001
903,24
0,00
0,00
903,24
202400045
17/07/2024
18/07/
0,00
nfv
sub-total:
3.734,49
0,00
0,00
3.734,49
0,00
cliente:
000051   ensa transformadores eireli
0024478
012869
001
1.998,45
0,00
0,00
1.998,45
202400046
26/07/2024
29/07/
0,00
nfv
sub-total:
1.998,45
0,00
0,00
1.998,45
0,00
cliente:
000095   joao guilherme escrovi martins epp
0024224
012653
001
41,37
0,00
0,00
41,37
202400045
17/07/2024
18/07/
0,00
nfc_s
0024240
012664
001
38,28
0,00
0,00
38,28
202400045
18/07/2024
19/07/
0,00
nfc_s
sub-total:
79,65
0,00
0,00
79,65
0,00
cliente:
000121   natalia aparecida ferreira martins marcelino
0023930
012391
001
624,94
0,00
0,00
624,94
202400039
01/07/2024
02/07/
0,00
nfv
sub-total:
624,94
0,00
0,00
624,94
0,00
cliente:
000168   mocdrol hidraulica ltda
0023766
012237
002
765,45
0,00
0,00
765,45
202400041
07/07/2024
10/07/
0,00
nfv
0023767
012238
002
429,55
0,00
0,00
429,55
202400041
07/07/2024
10/07/
0,00
nfv
0023467
011973
003
815,60
0,00
0,00
815,60
202400043
09/07/2024
11/07/
0,00
nfv
0024116
012556
001
387,16
0,00
0,00
387,16
202400043
10/07/2024
11/07/
0,00
nfv
0024120
012559
001
275,58
0,00
0,00
275,58
202400044
11/07/2024
12/07/
0,00
nfv
0023835
012300
002
908,58
0,00
0,00
908,58
202400044
11/07/2024
12/07/
0,00
nfv
0024280
012692
001
516,49
0,00
0,00
516,49
202400045
18/07/2024
19/07/
0,00
nfv
0024281
012693
001
5.223,77
0,00
0,00
5.223,77
202400045
18/07/2024
19/07/
0,00
nfv
0024319
012722
001
1.516,86
0,00
0,00
1.516,86
202400045
19/07/2024
22/07/
0,00
nfv
0023766
012237
003
765,45
0,00
0,00
765,45
202400045
22/07/2024
23/07/
0,00
nfv
0023767
012238
003
429,55
0,00
0,00
429,55
202400045
22/07/2024
23/07/
0,00
nfv
0023835
012300
003
908,58
0,00
0,00
908,58
202400046
26/07/2024
29/07/
0,00
nfv
0024466
012861
001
30,93
0,00
0,00
30,93
202400046
26/07/2024
29/07/
0,00
nfv
0024467
012862
001
835,06
0,00
0,00
835,06
202400046
26/07/2024
29/07/
0,00
nfv
0024468
012863
001
213,53
0,00
0,00
213,53
202400046
26/07/2024
29/07/
0,00
nfv
0024469
012864
001
98,55
0,00
0,00
98,55
202400046
26/07/2024
29/07/
0,00
nfv
0024116
012556
002
387,05
0,00
0,00
387,05
202400047
27/07/2024
30/07/
0,00
nfv
0024120
012559
002
275,50
0,00
0,00
275,50
202400047
28/07/2024
30/07/
0,00
nfv
0024525
012914
001
529,67
0,00
0,00
529,67
202400047
30/07/2024
31/07/
0,00
nfv
0024526
012915
001
198,45
0,00
0,00
198,45
202400047
30/07/2024
31/07/
0,00
nfv
sub-total:
15.511,36
0,00
0,00
15.511,36
0,00
cliente:
000173   murilo rodrigues claro 37346994876
0024522
012912
001
17,58
0,00
0,00
17,58
202400046
30/07/2024
26/07/
0,00
nfv
sub-total:
17,58
0,00
0,00
17,58
0,00
cliente:
000199   m. pardo eireli
0024238
012663
001
207,32
0,00
0,00
207,32
202400043
16/07/2024
11/07/
0,00
nfv
sub-total:
207,32
0,00
0,00
207,32
0,00
cliente:
000200   riolog - rio pardo logistica e distribuicao ltda
0024226
012655
002
220,21
0,00
0,00
220,21
202400045
20/07/2024
18/07/
0,00
nfv
sub-total:
220,21
0,00
0,00
220,21
0,00
cliente:
000250   valmont industria e comercio ltda
0023938
012398
001
60,70
0,00
0,00
60,70
202400040
02/07/2024
03/07/
0,00
nfv
0023939
012399
001
60,70
0,00
0,00
60,70
202400040
02/07/2024
03/07/
0,00
nfv
0023940
012400
001
182,10
0,00
0,00
182,10
202400040
02/07/2024
03/07/
0,00
nfv
 | orores
riofer metais tecnologia em aco ltda
hora:
página:
13:43
rod doutor jose vasconcellos dos reis, 330 lote 06
zona rural - sao jose do rio pardo - sp
13720-000 - (19) 3681-6519
cnpj: 08.236.455/0001-12 i.e.: 646.138.092.112
data:
02/08/2024
contas à receber - liquidadas - por cliente - moeda: real cotação: 1,00
10
nº lçto. parc
valor parcela
nº documento
mullta
descontos
total pago
vencimento pagto
acréscimos
nº lote
tip.doc.
cliente:
000250   valmont industria e comercio ltda
0023991
012444
001
460,55
0,00
0,00
460,55
202400040
04/07/2024
05/07/
0,00
nfv
0023992
012445
001
124,20
0,00
0,00
124,20
202400040
04/07/2024
05/07/
0,00
nfv
0023993
012446
001
1.411,50
0,00
0,00
1.411,50
202400040
04/07/2024
05/07/
0,00
nfv
0023994
012447
001
177,60
0,00
0,00
177,60
202400040
04/07/2024
05/07/
0,00
nfv
0023995
012448
001
1.882,00
0,00
0,00
1.882,00
202400040
04/07/2024
05/07/
0,00
nfv
0023996
012450
001
252,30
0,00
0,00
252,30
202400040
04/07/2024
05/07/
0,00
nfv
0023997
012449
001
1.882,00
0,00
0,00
1.882,00
202400040
04/07/2024
05/07/
0,00
nfv
0023998
012451
001
941,00
0,00
0,00
941,00
202400040
04/07/2024
05/07/
0,00
nfv
0023999
012452
001
60,70
0,00
0,00
60,70
202400040
04/07/2024
05/07/
0,00
nfv
0024000
012453
001
1.148,02
0,00
0,00
1.148,02
202400040
04/07/2024
05/07/
0,00
nfv
0024001
012454
001
477,50
0,00
0,00
477,50
202400040
04/07/2024
05/07/
0,00
nfv
0024002
012455
001
2.823,00
0,00
0,00
2.823,00
202400040
04/07/2024
05/07/
0,00
nfv
0024003
012456
001
1.440,96
0,00
0,00
1.440,96
202400040
04/07/2024
05/07/
0,00
nfv
0024004
012457
001
3.293,50
0,00
0,00
3.293,50
202400040
04/07/2024
05/07/
0,00
nfv
0024005
012458
001
580,47
0,00
0,00
580,47
202400040
04/07/2024
05/07/
0,00
nfv
0024006
012460
001
1.411,50
0,00
0,00
1.411,50
202400040
04/07/2024
05/07/
0,00
nfv
0024007
012459
001
93,60
0,00
0,00
93,60
202400040
04/07/2024
05/07/
0,00
nfv
0024008
012461
001
23,40
0,00
0,00
23,40
202400040
04/07/2024
05/07/
0,00
nfv
0024009
012462
001
5.445,00
0,00
0,00
5.445,00
202400040
04/07/2024
05/07/
0,00
nfv
0024010
012463
001
5.445,00
0,00
0,00
5.445,00
202400040
04/07/2024
05/07/
0,00
nfv
0024011
012464
001
12.730,50
0,00
0,00
12.730,50
202400040
04/07/2024
05/07/
0,00
nfv
0024012
012465
001
17.820,00
0,00
0,00
17.820,00
202400040
04/07/2024
05/07/
0,00
nfv
0024013
012466
001
891,00
0,00
0,00
891,00
202400040
04/07/2024
05/07/
0,00
nfv
0024014
012467
001
7.029,00
0,00
0,00
7.029,00
202400040
04/07/2024
05/07/
0,00
nfv
0024015
012468
001
9.900,00
0,00
0,00
9.900,00
202400040
04/07/2024
05/07/
0,00
nfv
0024016
012469
001
24.235,20
0,00
0,00
24.235,20
202400040
04/07/2024
05/07/
0,00
nfv
0024017
012475
001
4.050,00
0,00
0,00
4.050,00
202400040
04/07/2024
05/07/
0,00
nfv
0024018
012476
001
8.424,00
0,00
0,00
8.424,00
202400040
04/07/2024
05/07/
0,00
nfv
0024019
012477
001
21.384,00
0,00
0,00
21.384,00
202400040
04/07/2024
05/07/
0,00
nfv
0024020
012478
001
21.384,00
0,00
0,00
21.384,00
202400040
04/07/2024
05/07/
0,00
nfv
0024021
012479
001
21.384,00
0,00
0,00
21.384,00
202400040
04/07/2024
05/07/
0,00
nfv
0024022
012480
001
21.384,00
0,00
0,00
21.384,00
202400040
04/07/2024
05/07/
0,00
nfv
0024023
012481
001
21.384,00
0,00
0,00
21.384,00
202400040
04/07/2024
05/07/
0,00
nfv
0024024
012482
001
21.384,00
0,00
0,00
21.384,00
202400040
04/07/2024
05/07/
0,00
nfv
0024025
012483
001
17.820,00
0,00
0,00
17.820,00
202400040
04/07/2024
05/07/
0,00
nfv
0024027
012485
001
3.564,00
0,00
0,00
3.564,00
202400040
04/07/2024
05/07/
0,00
nfv
0024028
012486
001
15.147,00
0,00
0,00
15.147,00
202400040
04/07/2024
05/07/
0,00
nfv
0024030
012487
001
3.447,45
0,00
0,00
3.447,45
202400040
04/07/2024
05/07/
0,00
nfv
0024031
012488
001
733,50
0,00
0,00
733,50
202400040
04/07/2024
05/07/
0,00
nfv
0024032
012489
001
2.934,00
0,00
0,00
2.934,00
202400040
04/07/2024
05/07/
0,00
nfv
0024033
012490
001
49,16
0,00
0,00
49,16
202400040
04/07/2024
05/07/
0,00
nfv
0024034
012491
001
21.384,00
0,00
0,00
21.384,00
202400040
04/07/2024
05/07/
0,00
nfv
0024035
012492
001
15.147,00
0,00
0,00
15.147,00
202400040
04/07/2024
05/07/
0,00
nfv
0024036
012493
001
15.147,00
0,00
0,00
15.147,00
202400040
04/07/2024
05/07/
0,00
nfv
0024037
012494
001
15.147,00
0,00
0,00
15.147,00
202400040
04/07/2024
05/07/
0,00
nfv
0024038
012495
001
2.440,35
0,00
0,00
2.440,35
202400040
04/07/2024
05/07/
0,00
nfv
0024039
012496
001
1.683,00
0,00
0,00
1.683,00
202400040
04/07/2024
05/07/
0,00
nfv
0024183
012612
001
17.820,00
0,00
0,00
17.820,00
202400044
15/07/2024
16/07/
0,00
nfv
0024184
012614
001
285,14
0,00
0,00
285,14
202400044
15/07/2024
16/07/
0,00
nfv
0024185
012613
001
16.731,00
0,00
0,00
16.731,00
202400044
15/07/2024
16/07/
0,00
nfv
0024186
012615
001
1.089,00
0,00
0,00
1.089,00
202400044
15/07/2024
16/07/
0,00
nfv
 | orores
