:
relatório de nfc-e por período
software 
cplus4
14/08/2024   16:35:17
4
1
/
página
nº nfc-e
data
total
cfop
cst csosn
dinheiro
à prazo
cheque
cartão
% icms
b. icms
vlr. icms
% st
b. icms st vlr. icms st
empresa:
período:  01/07/2024  à  31/07/2024
02/07/2024
5405
500
4133,95
81,25
0,00
0,00
4052,70
0,00
0,00
0,00
0,00
0,00
1327 / 1328
02/07/2024
5102
102
452,92
0,00
0,00
0,00
452,92
0,00
0,00
0,00
0,00
0,00
1327 / 1328
4586,87
81,25
0,00
0,00
4505,62
0,00
0,00
0,00
0,00
totais do dia  02/07/2024  ===>>>>
03/07/2024
5405
500
2141,25
120,00
0,00
0,00
2021,25
0,00
0,00
0,00
0,00
0,00
1329 / 1330
03/07/2024
5102
102
182,57
0,00
0,00
0,00
182,57
0,00
0,00
0,00
0,00
0,00
1329 / 1330
2323,82
120,00
0,00
0,00
2203,82
0,00
0,00
0,00
0,00
totais do dia  03/07/2024  ===>>>>
04/07/2024
5102
102
102,59
37,80
0,00
0,00
64,79
0,00
0,00
0,00
0,00
0,00
1331 / 1332
04/07/2024
5405
500
2243,75
218,75
0,00
0,00
2025,00
0,00
0,00
0,00
0,00
0,00
1331 / 1332
2346,34
256,55
0,00
0,00
2089,79
0,00
0,00
0,00
0,00
totais do dia  04/07/2024  ===>>>>
05/07/2024
5405
500
1924,00
151,25
0,00
0,00
1772,75
0,00
0,00
0,00
0,00
0,00
1333 / 1334
05/07/2024
5102
102
152,77
0,00
0,00
0,00
152,77
0,00
0,00
0,00
0,00
0,00
1333 / 1334
2076,77
151,25
0,00
0,00
1925,52
0,00
0,00
0,00
0,00
totais do dia  05/07/2024  ===>>>>
06/07/2024
5405
500
1457,50
165,00
0,00
0,00
1292,50
0,00
0,00
0,00
0,00
0,00
1335 / 1336
06/07/2024
5102
102
106,88
0,00
0,00
0,00
106,88
0,00
0,00
0,00
0,00
0,00
1335 / 1336
1564,38
165,00
0,00
0,00
1399,38
0,00
0,00
0,00
0,00
totais do dia  06/07/2024  ===>>>>
08/07/2024
5405
500
1907,50
205,00
0,00
0,00
1702,50
0,00
0,00
0,00
0,00
0,00
1337 / 1338
08/07/2024
5102
102
186,22
0,00
0,00
0,00
186,22
0,00
0,00
0,00
0,00
0,00
1337 / 1338
2093,72
205,00
0,00
0,00
1888,72
0,00
0,00
0,00
0,00
totais do dia  08/07/2024  ===>>>>
09/07/2024
5405
500
2027,80
218,80
0,00
0,00
1809,00
0,00
0,00
0,00
0,00
0,00
1339 / 1340
09/07/2024
5102
102
117,77
0,00
0,00
0,00
117,77
0,00
0,00
0,00
0,00
0,00
1339 / 1340
2145,57
218,80
0,00
0,00
1926,77
0,00
0,00
0,00
0,00
totais do dia  09/07/2024  ===>>>>
10/07/2024
5405
500
2487,25
202,25
0,00
0,00
2285,00
0,00
0,00
0,00
0,00
0,00
1341 / 1342
10/07/2024
5102
102
104,69
0,00
0,00
0,00
104,69
0,00
0,00
0,00
0,00
0,00
1341 / 1342
2591,94
202,25
0,00
0,00
2389,69
0,00
0,00
0,00
0,00
totais do dia  10/07/2024  ===>>>>
11/07/2024
5405
500
2241,50
238,75
0,00
0,00
2002,75
0,00
0,00
0,00
0,00
0,00
1343 / 1345
11/07/2024
5102
102
27,01
0,00
0,00
0,00
27,01
0,00
0,00
0,00
0,00
0,00
1343 / 1345
2268,51
238,75
0,00
0,00
2029,76
0,00
0,00
0,00
0,00
totais do dia  11/07/2024  ===>>>>
www.fvssolution.com.br - (31)3831-8116
relatório de nfc-e por período
software 
cplus4
14/08/2024   16:35:17
4
2
/
página
nº nfc-e
data
total
cfop
cst csosn
dinheiro
à prazo
cheque
cartão
% icms
b. icms
vlr. icms
% st
b. icms st vlr. icms st
empresa:
período:  01/07/2024  à  31/07/2024
12/07/2024
5405
500
1954,00
218,75
0,00
0,00
1735,25
0,00
0,00
0,00
0,00
0,00
1346 / 1347
12/07/2024
5102
102
110,89
0,00
0,00
0,00
110,89
0,00
0,00
0,00
0,00
0,00
1346 / 1347
2064,89
218,75
0,00
0,00
1846,14
0,00
0,00
0,00
0,00
totais do dia  12/07/2024  ===>>>>
13/07/2024
5405
500
845,00
81,25
0,00
0,00
763,75
0,00
0,00
0,00
0,00
0,00
1348 / 1349
13/07/2024
5102
102
19,71
0,00
0,00
0,00
19,71
0,00
0,00
0,00
0,00
0,00
1348 / 1349
864,71
81,25
0,00
0,00
783,46
0,00
0,00
0,00
0,00
totais do dia  13/07/2024  ===>>>>
15/07/2024
5102
102
34,15
0,00
0,00
0,00
34,15
0,00
0,00
0,00
0,00
0,00
1350 / 1351
15/07/2024
5405
500
2670,00
0,00
0,00
0,00
2670,00
0,00
0,00
0,00
0,00
0,00
1350 / 1351
2704,15
0,00
0,00
0,00
2704,15
0,00
0,00
0,00
0,00
totais do dia  15/07/2024  ===>>>>
16/07/2024
5405
500
1873,75
260,00
0,00
0,00
1613,75
0,00
0,00
0,00
0,00
0,00
1352 / 1353
16/07/2024
5102
102
11,83
0,00
0,00
0,00
11,83
0,00
0,00
0,00
0,00
0,00
1352 / 1353
1885,58
260,00
0,00
0,00
1625,58
0,00
0,00
0,00
0,00
totais do dia  16/07/2024  ===>>>>
17/07/2024
5405
500
1895,35
218,75
0,00
0,00
1676,60
0,00
0,00
0,00
0,00
0,00
1354 / 1355
17/07/2024
5102
102
236,93
0,00
0,00
0,00
236,93
0,00
0,00
0,00
0,00
0,00
1354 / 1355
2132,28
218,75
0,00
0,00
1913,53
0,00
0,00
0,00
0,00
totais do dia  17/07/2024  ===>>>>
18/07/2024
5102
102
217,54
94,50
0,00
0,00
123,04
0,00
0,00
0,00
0,00
0,00
1356 / 1357
18/07/2024
5405
500
2116,25
195,00
0,00
0,00
1921,25
0,00
0,00
0,00
0,00
0,00
1356 / 1357
2333,79
289,50
0,00
0,00
2044,29
0,00
0,00
0,00
0,00
totais do dia  18/07/2024  ===>>>>
19/07/2024
5405
500
1765,28
195,28
0,00
0,00
1570,00
0,00
0,00
0,00
0,00
0,00
1358 / 1359
19/07/2024
5102
102
213,68
0,00
0,00
0,00
213,68
0,00
0,00
0,00
0,00
0,00
1358 / 1359
1978,96
195,28
0,00
0,00
1783,68
0,00
0,00
0,00
0,00
totais do dia  19/07/2024  ===>>>>
20/07/2024
5405
500
993,75
168,75
0,00
0,00
825,00
0,00
0,00
0,00
0,00
0,00
1360 / 1361
20/07/2024
5102
102
149,31
0,00
0,00
0,00
149,31
0,00
0,00
0,00
0,00
0,00
1360 / 1361
1143,06
168,75
0,00
0,00
974,31
0,00
0,00
0,00
0,00
totais do dia  20/07/2024  ===>>>>
22/07/2024
5102
102
157,06
0,00
0,00
0,00
157,06
0,00
0,00
0,00
0,00
0,00
1362 / 1363
22/07/2024
5405
500
1611,50
0,00
0,00
0,00
1611,50
0,00
0,00
0,00
0,00
0,00
1362 / 1363
1768,56
0,00
0,00
0,00
1768,56
0,00
0,00
0,00
0,00
totais do dia  22/07/2024  ===>>>>
www.fvssolution.com.br - (31)3831-8116
relatório de nfc-e por período
software 
cplus4
14/08/2024   16:35:17
4
3
/
página
nº nfc-e
data
total
cfop
cst csosn
dinheiro
à prazo
cheque
cartão
% icms
b. icms
vlr. icms
% st
b. icms st vlr. icms st
empresa:
período:  01/07/2024  à  31/07/2024
23/07/2024
5405
500
2203,75
166,25
0,00
0,00
2037,50
0,00
0,00
0,00
0,00
0,00
1364 / 1365
23/07/2024
5102
102
73,65
0,00
0,00
0,00
73,65
0,00
0,00
0,00
0,00
0,00
1364 / 1365
2277,40
166,25
0,00
0,00
2111,15
0,00
0,00
0,00
0,00
totais do dia  23/07/2024  ===>>>>
24/07/2024
5405
500
1474,00
168,75
0,00
0,00
1305,25
0,00
0,00
0,00
0,00
0,00
1366 / 1367
24/07/2024
5102
102
270,23
0,00
0,00
0,00
270,23
0,00
0,00
0,00
0,00
0,00
1366 / 1367
1744,23
168,75
0,00
0,00
1575,48
0,00
0,00
0,00
0,00
totais do dia  24/07/2024  ===>>>>
25/07/2024
5405
500
1935,00
232,50
0,00
0,00
1702,50
0,00
0,00
0,00
0,00
0,00
1368 / 1369
25/07/2024
5102
102
54,24
0,00
0,00
0,00
54,24
0,00
0,00
0,00
0,00
0,00
1368 / 1369
1989,24
232,50
0,00
0,00
1756,74
0,00
0,00
0,00
0,00
totais do dia  25/07/2024  ===>>>>
26/07/2024
5405
500
1652,50
132,50
0,00
0,00
1520,00
0,00
0,00
0,00
0,00
0,00
1370 / 1371
26/07/2024
5102
102
213,76
0,00
0,00
0,00
213,76
0,00
0,00
0,00
0,00
0,00
1370 / 1371
1866,26
132,50
0,00
0,00
1733,76
0,00
0,00
0,00
0,00
totais do dia  26/07/2024  ===>>>>
27/07/2024
5102
102
110,43
56,70
0,00
0,00
53,73
0,00
0,00
0,00
0,00
0,00
1372 / 1373
27/07/2024
5405
500
479,50
65,75
0,00
0,00
413,75
0,00
0,00
0,00
0,00
0,00
1372 / 1373
589,93
122,45
0,00
0,00
467,48
0,00
0,00
0,00
0,00
totais do dia  27/07/2024  ===>>>>
29/07/2024
5102
102
108,81
37,80
0,00
0,00
71,01
0,00
0,00
0,00
0,00
0,00
1374 / 1375
29/07/2024
5405
500
1991,30
147,55
0,00
0,00
1843,75
0,00
0,00
0,00
0,00
0,00
1374 / 1375
2100,11
185,35
0,00
0,00
1914,76
0,00
0,00
0,00
0,00
totais do dia  29/07/2024  ===>>>>
30/07/2024
5102
102
270,50
94,50
0,00
0,00
176,00
0,00
0,00
0,00
0,00
0,00
1376 / 1379
30/07/2024
5405
500
1912,50
77,50
0,00
0,00
1835,00
0,00
0,00
0,00
0,00
0,00
1376 / 1379
2183,00
172,00
0,00
0,00
2011,00
0,00
0,00
0,00
0,00
totais do dia  30/07/2024  ===>>>>
31/07/2024
5405
500
2421,25
218,75
0,00
0,00
2202,50
0,00
0,00
0,00
0,00
0,00
1380 / 1381
31/07/2024
5102
102
155,51
0,00
0,00
0,00
155,51
0,00
0,00
0,00
0,00
0,00
1380 / 1381
2576,76
218,75
0,00
0,00
2358,01
0,00
0,00
0,00
0,00
totais do dia  31/07/2024  ===>>>>
54200,83
4469,68
0,00
0,00
49731,15
0,00
0,00
0,00
0,00
total geral  ==>>>>
resumo/total de nfc-e por período/cfop
nº nfc-e
total
cfop
cst csosn
dinheiro
à prazo
cheque
cartão
% icms
b. icms
vlr. icms
% st
b. icms st vlr. icms st
5102
1327 / 1381
102
321,30
0,00
0,00
3520,35
0,00
0,00
0,00
0,00
0,00
3841,65
www.fvssolution.com.br - (31)3831-8116
