documentos recebidos - agrupado por data                                   período de 01/09/2022 a 30/09/2022                                  pagina:      0001
por data de recebimento                                                                                                                        hora..:     22:20
supermercado todo dia                                                                                                               rec408la   data..:05/10/2022
----------------------------------------------------------------------------------------------------------------------------------------------------------------
data                                                                                vlr.capital.        recebido       acréscimo        desconto    tot.recebido
----------------------------------------------------------------------------------------------------------------------------------------------------------------
01/09/22                                                                               26.956,06       26.956,06           34,54       15.882,45       11.108,15
02/09/22                                                                               36.984,26       35.452,17          111,17        5.302,86       30.260,48
03/09/22                                                                                2.947,68        2.674,22            0,17          962,44        1.711,95
04/09/22                                                                                1.046,28        1.046,28            0,00            0,00        1.046,28
05/09/22                                                                               55.895,54       55.895,54            0,94            0,80       55.895,68
06/09/22                                                                               16.439,93       15.811,84          125,72            0,00       15.937,56
07/09/22                                                                                  784,39          784,39           10,29            0,00          794,68
08/09/22                                                                               20.211,46       20.211,46           81,70            0,00       20.293,16
09/09/22                                                                                6.683,17        6.431,19            8,20        1.698,34        4.741,05
10/09/22                                                                               69.557,10       69.557,10            0,00       69.557,10            0,00
12/09/22                                                                               40.101,46       39.581,46           61,35            0,00       39.642,81
13/09/22                                                                               10.136,65       10.136,65          163,83            0,00       10.300,48
14/09/22                                                                                5.940,58        5.940,58            2,12            0,00        5.942,70
15/09/22                                                                                6.902,46        6.902,46            0,00            0,00        6.902,46
16/09/22                                                                                  398,98          398,98            0,00            0,00          398,98
19/09/22                                                                                  968,76          968,76            0,00            0,00          968,76
20/09/22                                                                               41.379,65       41.379,65            0,00            0,00       41.379,65
21/09/22                                                                                5.240,47        5.240,47            0,00            0,00        5.240,47
22/09/22                                                                                8.280,83        6.862,77          136,76            3,63        6.995,90
23/09/22                                                                                4.335,06        4.335,06            0,00            0,00        4.335,06
26/09/22                                                                               29.363,62       29.363,62            0,00            0,00       29.363,62
27/09/22                                                                                7.070,85        7.070,85            0,00            0,00        7.070,85
28/09/22                                                                               28.741,06       29.014,52           13,83        7.406,33       21.622,02
29/09/22                                                                                7.885,57        7.885,57            0,00            0,00        7.885,57
30/09/22                                                                              131.823,97      131.823,97            0,39      111.488,84       20.335,52
----------------------------------------------------------------------------------------------------------------------------------------------------------------
                                                                    total geral:      566.075,84      561.725,62          751,01      212.302,79      350.173,84
----------------------------------------------------------------------------------------------------------------------------------------------------------------
