28/09/2022 11:30 hs
im energy
página: 001
 
títulos recebidos
 
período: 01/09/2022  a  30/09/2022 *** tipos de documentos: todos *** tipo de baixa: pagto normal *** todas filiais
data
data
valor
valor
multa/
valor
líquido
fl
documento
vencimento
recebimento
banco
cheque
borderô
parcela
recebimento
juros
desconto
recebido
baixa
subgrupo
contrato
cliente: 000063 - adimax - industria e comercio de alimentos ltda.
01
nff-004846  /a 
01/09/2022
01/09/2022
banco brades
000221
1 2 . 4 5 0 , 0 0 
1 2 . 4 5 0 , 0 0 
0 , 0 0 
0 , 0 0 
1 2 . 4 5 0 , 0 0 
01
vendas
01
nff-004862  /a 
02/09/2022
02/09/2022
banco brades
000222
1 2 . 4 5 0 , 0 0 
1 2 . 4 5 0 , 0 0 
0 , 0 0 
0 , 0 0 
1 2 . 4 5 0 , 0 0 
01
vendas
01
nff-004879  /a 
05/09/2022
05/09/2022
banco brades
000226
1 2 . 4 5 0 , 0 0 
1 2 . 4 5 0 , 0 0 
0 , 0 0 
0 , 0 0 
1 2 . 4 5 0 , 0 0 
01
vendas
01
nff-004880  /a 
05/09/2022
05/09/2022
banco brades
000226
1 2 . 4 5 0 , 0 0 
1 2 . 4 5 0 , 0 0 
0 , 0 0 
0 , 0 0 
1 2 . 4 5 0 , 0 0 
01
vendas
01
nff-004886  /a 
05/09/2022
05/09/2022
banco brades
000226
1 2 . 4 5 0 , 0 0 
1 2 . 4 5 0 , 0 0 
0 , 0 0 
0 , 0 0 
1 2 . 4 5 0 , 0 0 
01
vendas
01
nff-004888  /a 
05/09/2022
05/09/2022
banco brades
000226
1 2 . 4 5 0 , 0 0 
1 2 . 4 5 0 , 0 0 
0 , 0 0 
0 , 0 0 
1 2 . 4 5 0 , 0 0 
01
vendas
01
nff-004891  /a 
05/09/2022
05/09/2022
banco brades
000226
1 2 . 4 5 0 , 0 0 
1 2 . 4 5 0 , 0 0 
0 , 0 0 
0 , 0 0 
1 2 . 4 5 0 , 0 0 
01
vendas
01
nff-004900  /a 
06/09/2022
06/09/2022
banco brades
000230
1 2 . 4 5 0 , 0 0 
1 2 . 4 5 0 , 0 0 
0 , 0 0 
0 , 0 0 
1 2 . 4 5 0 , 0 0 
01
vendas
01
nff-004916  /a 
07/09/2022
08/09/2022
banco brades
000233
1 2 . 4 5 0 , 0 0 
1 2 . 4 5 0 , 0 0 
0 , 0 0 
0 , 0 0 
1 2 . 4 5 0 , 0 0 
01
vendas
01
nff-004930  /a 
08/09/2022
08/09/2022
banco brades
000233
1 2 . 4 5 0 , 0 0 
1 2 . 4 5 0 , 0 0 
0 , 0 0 
0 , 0 0 
1 2 . 4 5 0 , 0 0 
01
vendas
01
nff-004943  /a 
09/09/2022
09/09/2022
banco brades
000236
1 2 . 4 5 0 , 0 0 
1 2 . 4 5 0 , 0 0 
0 , 0 0 
0 , 0 0 
1 2 . 4 5 0 , 0 0 
01
vendas
01
nff-005158  /a 
08/09/2022
09/09/2022
banco brades
000236
1 2 . 9 0 0 , 0 0 
1 2 . 9 0 0 , 0 0 
0 , 0 0 
0 , 0 0 
1 2 . 9 0 0 , 0 0 
01
vendas
01
nff-005159  /a 
08/09/2022
09/09/2022
banco brades
000236
1 2 . 9 0 0 , 0 0 
1 2 . 9 0 0 , 0 0 
0 , 0 0 
0 , 0 0 
1 2 . 9 0 0 , 0 0 
01
vendas
01
nff-005166  /a 
08/09/2022
09/09/2022
banco brades
000236
1 2 . 9 0 0 , 0 0 
1 2 . 9 0 0 , 0 0 
0 , 0 0 
0 , 0 0 
1 2 . 9 0 0 , 0 0 
01
vendas
01
nff-005179  /a 
09/09/2022
09/09/2022
banco brades
000236
1 2 . 9 0 0 , 0 0 
1 2 . 9 0 0 , 0 0 
0 , 0 0 
0 , 0 0 
1 2 . 9 0 0 , 0 0 
01
vendas
01
nff-004962  /a 
12/09/2022
12/09/2022
banco brades
000241
1 2 . 4 5 0 , 0 0 
1 2 . 4 5 0 , 0 0 
0 , 0 0 
0 , 0 0 
1 2 . 4 5 0 , 0 0 
01
vendas
01
nff-004964  /a 
12/09/2022
12/09/2022
banco brades
000241
1 2 . 4 5 0 , 0 0 
1 2 . 4 5 0 , 0 0 
0 , 0 0 
0 , 0 0 
1 2 . 4 5 0 , 0 0 
01
vendas
01
nff-004975  /a 
12/09/2022
12/09/2022
banco brades
000241
1 2 . 4 5 0 , 0 0 
1 2 . 4 5 0 , 0 0 
0 , 0 0 
0 , 0 0 
1 2 . 4 5 0 , 0 0 
01
vendas
01
nff-005201  /a 
13/09/2022
13/09/2022
banco brades
000243
1 2 . 9 0 0 , 0 0 
1 2 . 9 0 0 , 0 0 
0 , 0 0 
0 , 0 0 
1 2 . 9 0 0 , 0 0 
01
vendas
01
nff-005209  /a 
13/09/2022
13/09/2022
banco brades
000243
1 2 . 9 0 0 , 0 0 
1 2 . 9 0 0 , 0 0 
0 , 0 0 
0 , 0 0 
1 2 . 9 0 0 , 0 0 
01
vendas
01
nff-005215  /a 
13/09/2022
13/09/2022
banco brades
000243
1 2 . 9 0 0 , 0 0 
1 2 . 9 0 0 , 0 0 
0 , 0 0 
0 , 0 0 
1 2 . 9 0 0 , 0 0 
01
vendas
01
nff-004990  /a 
14/09/2022
14/09/2022
banco brades
000244
1 2 . 4 5 0 , 0 0 
1 2 . 4 5 0 , 0 0 
0 , 0 0 
0 , 0 0 
1 2 . 4 5 0 , 0 0 
01
vendas
01
nff-005004  /a 
14/09/2022
14/09/2022
banco brades
000244
1 2 . 4 5 0 , 0 0 
1 2 . 4 5 0 , 0 0 
0 , 0 0 
0 , 0 0 
1 2 . 4 5 0 , 0 0 
01
vendas
01
nff-005013  /a 
15/09/2022
15/09/2022
banco brades
000248
1 2 . 4 5 0 , 0 0 
1 2 . 4 5 0 , 0 0 
0 , 0 0 
0 , 0 0 
1 2 . 4 5 0 , 0 0 
01
vendas
01
nff-005216  /a 
15/09/2022
15/09/2022
banco brades
000248
1 2 . 9 0 0 , 0 0 
1 2 . 9 0 0 , 0 0 
0 , 0 0 
0 , 0 0 
1 2 . 9 0 0 , 0 0 
01
vendas
01
nff-005222  /a 
15/09/2022
15/09/2022
banco brades
000248
1 2 . 9 0 0 , 0 0 
1 2 . 9 0 0 , 0 0 
0 , 0 0 
0 , 0 0 
1 2 . 9 0 0 , 0 0 
01
vendas
01
nff-005228  /a 
15/09/2022
15/09/2022
banco brades
000248
1 2 . 9 0 0 , 0 0 
1 2 . 9 0 0 , 0 0 
0 , 0 0 
0 , 0 0 
1 2 . 9 0 0 , 0 0 
01
vendas
01
nff-005049  /a 
16/09/2022
16/09/2022
banco brades
000250
1 2 . 4 5 0 , 0 0 
1 2 . 4 5 0 , 0 0 
0 , 0 0 
0 , 0 0 
1 2 . 4 5 0 , 0 0 
01
vendas
01
nff-005054  /a 
19/09/2022
19/09/2022
banco brades
000252
1 2 . 4 5 0 , 0 0 
1 2 . 4 5 0 , 0 0 
0 , 0 0 
0 , 0 0 
1 2 . 4 5 0 , 0 0 
01
vendas
01
nff-005060  /a 
19/09/2022
19/09/2022
banco brades
000252
1 2 . 4 5 0 , 0 0 
1 2 . 4 5 0 , 0 0 
0 , 0 0 
0 , 0 0 
1 2 . 4 5 0 , 0 0 
01
vendas
01
nff-005197  /a 
12/09/2022
19/09/2022
banco brades
1 2 . 9 0 0 , 0 0 
1 2 . 9 0 0 , 0 0 
0 , 0 0 
0 , 0 0 
1 2 . 9 0 0 , 0 0 
01
vendas
01
nff-005252  /a 
19/09/2022
19/09/2022
banco brades
000252
1 2 . 9 0 0 , 0 0 
1 2 . 9 0 0 , 0 0 
0 , 0 0 
0 , 0 0 
1 2 . 9 0 0 , 0 0 
01
vendas
01
nff-005261  /a 
19/09/2022
19/09/2022
banco brades
000252
1 2 . 9 0 0 , 0 0 
1 2 . 9 0 0 , 0 0 
0 , 0 0 
0 , 0 0 
1 2 . 9 0 0 , 0 0 
01
vendas
01
nff-005067  /a 
20/09/2022
20/09/2022
banco brades
000258
1 2 . 4 5 0 , 0 0 
1 2 . 4 5 0 , 0 0 
0 , 0 0 
0 , 0 0 
1 2 . 4 5 0 , 0 0 
01
vendas
01
nff-005270  /a 
20/09/2022
20/09/2022
banco brades
000258
1 2 . 9 0 0 , 0 0 
1 2 . 9 0 0 , 0 0 
0 , 0 0 
0 , 0 0 
1 2 . 9 0 0 , 0 0 
01
vendas
01
nff-005279  /a 
21/09/2022
21/09/2022
banco brades
000260
1 2 . 9 0 0 , 0 0 
1 2 . 9 0 0 , 0 0 
0 , 0 0 
0 , 0 0 
1 2 . 9 0 0 , 0 0 
01
vendas
01
nff-005290  /a 
22/09/2022
22/09/2022
banco brades
000263
1 2 . 9 0 0 , 0 0 
1 2 . 9 0 0 , 0 0 
0 , 0 0 
0 , 0 0 
1 2 . 9 0 0 , 0 0 
01
vendas
01
nff-005291  /a 
22/09/2022
22/09/2022
banco brades
000263
1 2 . 9 0 0 , 0 0 
1 2 . 9 0 0 , 0 0 
0 , 0 0 
0 , 0 0 
1 2 . 9 0 0 , 0 0 
01
vendas
01
nff-005303  /a 
23/09/2022
23/09/2022
banco brades
000265
1 2 . 9 0 0 , 0 0 
1 2 . 9 0 0 , 0 0 
0 , 0 0 
0 , 0 0 
1 2 . 9 0 0 , 0 0 
01
vendas
01
nff-005307  /a 
23/09/2022
23/09/2022
banco brades
000265
3 1 . 5 6 2 , 0 0 
3 1 . 5 6 2 , 0 0 
0 , 0 0 
0 , 0 0 
3 1 . 5 6 2 , 0 0 
01
vendas
01
nff-005322  /a 
23/09/2022
23/09/2022
banco brades
000265
1 2 . 9 0 0 , 0 0 
1 2 . 9 0 0 , 0 0 
0 , 0 0 
0 , 0 0 
1 2 . 9 0 0 , 0 0 
01
vendas
01
nff-005329  /a 
26/09/2022
26/09/2022
banco brades
000271
1 2 . 9 0 0 , 0 0 
1 2 . 9 0 0 , 0 0 
0 , 0 0 
0 , 0 0 
1 2 . 9 0 0 , 0 0 
01
vendas
01
nff-005339  /a 
26/09/2022
26/09/2022
banco brades
000271
1 2 . 9 0 0 , 0 0 
1 2 . 9 0 0 , 0 0 
0 , 0 0 
0 , 0 0 
1 2 . 9 0 0 , 0 0 
01
vendas
s u b t o t a i s : 
5 6 3 . 9 1 2 , 0 0 
0 , 0 0 
0 , 0 0 
5 6 3 . 9 1 2 , 0 0 
cliente: 000008 - alcool ferreira s a
01
nff-004490  /a 
05/09/2022
05/09/2022
banco brades
000226
1 2 . 0 0 0 , 0 0 
1 2 . 0 0 0 , 0 0 
0 , 0 0 
0 , 0 0 
1 2 . 0 0 0 , 0 0 
01
vendas
01
nff-004606  /a 
13/09/2022
13/09/2022
banco brades
000243
1 . 1 3 2 , 0 0 
1 . 1 3 2 , 0 0 
0 , 0 0 
0 , 0 0 
1 . 1 3 2 , 0 0 
01
vendas
01
nff-004660  /a 
19/09/2022
19/09/2022
banco brades
000252
1 2 . 0 0 0 , 0 0 
1 2 . 0 0 0 , 0 0 
0 , 0 0 
0 , 0 0 
1 2 . 0 0 0 , 0 0 
01
vendas
s u b t o t a i s : 
2 5 . 1 3 2 , 0 0 
0 , 0 0 
0 , 0 0 
2 5 . 1 3 2 , 0 0 
cliente: 000045 - cargill agricola s a
28/09/2022 11:30 hs
im energy
página: 002
 
títulos recebidos
 
período: 01/09/2022  a  30/09/2022 *** tipos de documentos: todos *** tipo de baixa: pagto normal *** todas filiais
data
data
valor
valor
multa/
valor
líquido
fl
documento
vencimento
recebimento
banco
cheque
borderô
parcela
recebimento
juros
desconto
recebido
baixa
subgrupo
contrato
cliente: 000045 - cargill agricola s a
01
nff-004831  /a 
02/09/2022
02/09/2022
banco brades
000223
1 2 . 9 0 0 , 0 0 
1 2 . 9 0 0 , 0 0 
0 , 0 0 
0 , 0 0 
1 2 . 9 0 0 , 0 0 
01
vendas
01
nff-004840  /a 
02/09/2022
02/09/2022
banco brades
000223
1 2 . 9 0 0 , 0 0 
1 2 . 9 0 0 , 0 0 
0 , 0 0 
0 , 0 0 
1 2 . 9 0 0 , 0 0 
01
vendas
01
nff-004855  /a 
05/09/2022
05/09/2022
banco brades
000227
1 2 . 9 0 0 , 0 0 
1 2 . 9 0 0 , 0 0 
0 , 0 0 
0 , 0 0 
1 2 . 9 0 0 , 0 0 
01
vendas
01
nff-004866  /a 
05/09/2022
05/09/2022
banco brades
000227
1 2 . 9 0 0 , 0 0 
1 2 . 9 0 0 , 0 0 
0 , 0 0 
0 , 0 0 
1 2 . 9 0 0 , 0 0 
01
vendas
01
nff-004869  /a 
05/09/2022
05/09/2022
banco brades
000227
1 2 . 9 0 0 , 0 0 
1 2 . 9 0 0 , 0 0 
0 , 0 0 
0 , 0 0 
1 2 . 9 0 0 , 0 0 
01
vendas
01
nff-004884  /a 
07/09/2022
08/09/2022
banco brades
000234
1 2 . 9 0 0 , 0 0 
1 2 . 9 0 0 , 0 0 
0 , 0 0 
0 , 0 0 
1 2 . 9 0 0 , 0 0 
01
vendas
01
nff-004885  /a 
07/09/2022
08/09/2022
banco brades
000234
1 2 . 9 0 0 , 0 0 
1 2 . 9 0 0 , 0 0 
0 , 0 0 
0 , 0 0 
1 2 . 9 0 0 , 0 0 
01
vendas
01
nff-004889  /a 
07/09/2022
08/09/2022
banco brades
000234
1 2 . 9 0 0 , 0 0 
1 2 . 9 0 0 , 0 0 
0 , 0 0 
0 , 0 0 
1 2 . 9 0 0 , 0 0 
01
vendas
01
nff-004917  /a 
09/09/2022
09/09/2022
banco brades
000238
1 2 . 9 0 0 , 0 0 
1 2 . 9 0 0 , 0 0 
0 , 0 0 
0 , 0 0 
1 2 . 9 0 0 , 0 0 
01
vendas
01
nff-004936  /a 
12/09/2022
12/09/2022
banco brades
000240
1 2 . 9 0 0 , 0 0 
1 2 . 9 0 0 , 0 0 
0 , 0 0 
0 , 0 0 
1 2 . 9 0 0 , 0 0 
01
vendas
01
nff-004985  /a 
15/09/2022
15/09/2022
banco brades
1 2 . 9 0 0 , 0 0 
1 2 . 9 0 0 , 0 0 
0 , 0 0 
0 , 0 0 
1 2 . 9 0 0 , 0 0 
01
vendas
01
nff-005003  /a 
16/09/2022
16/09/2022
banco brades
000251
1 2 . 9 0 0 , 0 0 
1 2 . 9 0 0 , 0 0 
0 , 0 0 
0 , 0 0 
1 2 . 9 0 0 , 0 0 
01
vendas
01
nff-005006  /a 
19/09/2022
19/09/2022
banco brades
000254
1 2 . 9 0 0 , 0 0 
1 2 . 9 0 0 , 0 0 
0 , 0 0 
0 , 0 0 
1 2 . 9 0 0 , 0 0 
01
vendas
01
nff-005009  /a 
19/09/2022
19/09/2022
banco brades
000254
1 2 . 9 0 0 , 0 0 
1 2 . 9 0 0 , 0 0 
0 , 0 0 
0 , 0 0 
1 2 . 9 0 0 , 0 0 
01
vendas
01
nff-005010  /a 
19/09/2022
19/09/2022
banco brades
000254
1 2 . 9 0 0 , 0 0 
1 2 . 9 0 0 , 0 0 
0 , 0 0 
0 , 0 0 
1 2 . 9 0 0 , 0 0 
01
vendas
01
nff-005055  /a 
21/09/2022
21/09/2022
banco brades
000261
1 2 . 9 0 0 , 0 0 
1 2 . 9 0 0 , 0 0 
0 , 0 0 
0 , 0 0 
1 2 . 9 0 0 , 0 0 
01
vendas
01
nff-005058  /a 
21/09/2022
21/09/2022
banco brades
000261
1 2 . 9 0 0 , 0 0 
1 2 . 9 0 0 , 0 0 
0 , 0 0 
0 , 0 0 
1 2 . 9 0 0 , 0 0 
01
vendas
01
nff-004919  /a 
09/09/2022
23/09/2022
banco brades
000269
1 2 . 9 0 0 , 0 0 
1 2 . 9 0 0 , 0 0 
0 , 0 0 
0 , 0 0 
1 2 . 9 0 0 , 0 0 
01
vendas
01
nff-004944  /a 
12/09/2022
23/09/2022
banco brades
000269
1 2 . 9 0 0 , 0 0 
1 2 . 9 0 0 , 0 0 
0 , 0 0 
0 , 0 0 
1 2 . 9 0 0 , 0 0 
01
vendas
01
nff-004991  /a 
16/09/2022
26/09/2022
banco brades
1 2 . 9 0 0 , 0 0 
1 2 . 9 0 0 , 0 0 
0 , 0 0 
0 , 0 0 
1 2 . 9 0 0 , 0 0 
01
vendas
01
nff-005094  /a 
26/09/2022
26/09/2022
banco brades
000272
1 2 . 9 0 0 , 0 0 
1 2 . 9 0 0 , 0 0 
0 , 0 0 
0 , 0 0 
1 2 . 9 0 0 , 0 0 
01
vendas
01
nff-005099  /a 
26/09/2022
26/09/2022
banco brades
000272
1 2 . 9 0 0 , 0 0 
1 2 . 9 0 0 , 0 0 
0 , 0 0 
0 , 0 0 
1 2 . 9 0 0 , 0 0 
01
vendas
s u b t o t a i s : 
2 8 3 . 8 0 0 , 0 0 
0 , 0 0 
0 , 0 0 
2 8 3 . 8 0 0 , 0 0 
cliente: 000009 - cartonificio valinhos s a
01
nff-004627  /a 
01/09/2022
02/09/2022
banco brades
000225
1 6 . 0 0 0 , 0 0 
1 6 . 0 0 0 , 0 0 
0 , 0 0 
0 , 0 0 
1 6 . 0 0 0 , 0 0 
01
vendas
01
nff-004637  /a 
01/09/2022
02/09/2022
banco brades
000225
1 4 . 0 0 0 , 0 0 
1 4 . 0 0 0 , 0 0 
0 , 0 0 
0 , 0 0 
1 4 . 0 0 0 , 0 0 
01
vendas
01
nff-004822  /a 
01/09/2022
02/09/2022
banco brades
000225
1 4 . 8 7 5 , 0 0 
1 4 . 8 7 5 , 0 0 
0 , 0 0 
0 , 0 0 
1 4 . 8 7 5 , 0 0 
01
vendas
01
nff-004650  /a 
02/09/2022
05/09/2022
banco brades
000227
7 . 3 1 2 , 0 0 
7 . 3 1 2 , 0 0 
0 , 0 0 
0 , 0 0 
7 . 3 1 2 , 0 0 
01
vendas
01
nff-004835  /a 
02/09/2022
05/09/2022
banco brades
000227
1 4 . 8 7 5 , 0 0 
1 4 . 8 7 5 , 0 0 
0 , 0 0 
0 , 0 0 
1 4 . 8 7 5 , 0 0 
01
vendas
01
nff-004669  /a 
05/09/2022
06/09/2022
banco brades
000229
1 2 . 0 0 0 , 0 0 
1 2 . 0 0 0 , 0 0 
0 , 0 0 
0 , 0 0 
1 2 . 0 0 0 , 0 0 
01
vendas
01
nff-004683  /a 
05/09/2022
06/09/2022
banco brades
000229
1 4 . 0 0 0 , 0 0 
1 4 . 0 0 0 , 0 0 
0 , 0 0 
0 , 0 0 
1 4 . 0 0 0 , 0 0 
01
vendas
01
nff-004700  /a 
05/09/2022
06/09/2022
banco brades
000229
1 4 . 0 0 0 , 0 0 
1 4 . 0 0 0 , 0 0 
0 , 0 0 
0 , 0 0 
1 4 . 0 0 0 , 0 0 
01
vendas
01
nff-004705  /a 
05/09/2022
06/09/2022
banco brades
000229
1 2 . 0 0 0 , 0 0 
1 2 . 0 0 0 , 0 0 
0 , 0 0 
0 , 0 0 
1 2 . 0 0 0 , 0 0 
01
vendas
01
nff-004861  /a 
05/09/2022
06/09/2022
banco brades
000229
1 2 . 7 5 0 , 0 0 
1 2 . 7 5 0 , 0 0 
0 , 0 0 
0 , 0 0 
1 2 . 7 5 0 , 0 0 
01
vendas
01
nff-004865  /a 
05/09/2022
06/09/2022
banco brades
000229
1 2 . 7 5 0 , 0 0 
1 2 . 7 5 0 , 0 0 
0 , 0 0 
0 , 0 0 
1 2 . 7 5 0 , 0 0 
01
vendas
01
nff-004875  /a 
05/09/2022
06/09/2022
banco brades
000229
1 7 . 0 0 0 , 0 0 
1 7 . 0 0 0 , 0 0 
0 , 0 0 
0 , 0 0 
1 7 . 0 0 0 , 0 0 
01
vendas
01
nff-004723  /a 
08/09/2022
09/09/2022
banco brades
000235
1 4 . 0 0 0 , 0 0 
1 4 . 0 0 0 , 0 0 
0 , 0 0 
0 , 0 0 
1 4 . 0 0 0 , 0 0 
01
vendas
01
nff-004890  /a 
07/09/2022
09/09/2022
banco brades
000235
1 4 . 8 7 5 , 0 0 
1 4 . 8 7 5 , 0 0 
0 , 0 0 
0 , 0 0 
1 4 . 8 7 5 , 0 0 
01
vendas
01
nff-004897  /a 
08/09/2022
09/09/2022
banco brades
000235
1 4 . 8 7 5 , 0 0 
1 4 . 8 7 5 , 0 0 
0 , 0 0 
0 , 0 0 
1 4 . 8 7 5 , 0 0 
01
vendas
01
nff-004902  /a 
08/09/2022
09/09/2022
banco brades
000235
1 4 . 8 7 5 , 0 0 
1 4 . 8 7 5 , 0 0 
0 , 0 0 
0 , 0 0 
1 4 . 8 7 5 , 0 0 
01
vendas
01
nff-004903  /a 
08/09/2022
09/09/2022
banco brades
000235
1 4 . 8 7 5 , 0 0 
1 4 . 8 7 5 , 0 0 
0 , 0 0 
0 , 0 0 
1 4 . 8 7 5 , 0 0 
01
vendas
01
nff-004744  /a 
09/09/2022
12/09/2022
banco brades
000240
1 6 . 0 0 0 , 0 0 
1 6 . 0 0 0 , 0 0 
0 , 0 0 
0 , 0 0 
1 6 . 0 0 0 , 0 0 
01
vendas
01
nff-004922  /a 
09/09/2022
12/09/2022
banco brades
000240
1 2 . 7 5 0 , 0 0 
1 2 . 7 5 0 , 0 0 
0 , 0 0 
0 , 0 0 
1 2 . 7 5 0 , 0 0 
01
vendas
01
nff-004752  /a 
12/09/2022
13/09/2022
banco brades
000242
1 2 . 0 0 0 , 0 0 
1 2 . 0 0 0 , 0 0 
0 , 0 0 
0 , 0 0 
1 2 . 0 0 0 , 0 0 
01
vendas
01
nff-004764  /a 
12/09/2022
13/09/2022
banco brades
000242
1 4 . 0 0 0 , 0 0 
1 4 . 0 0 0 , 0 0 
0 , 0 0 
0 , 0 0 
1 4 . 0 0 0 , 0 0 
01
vendas
01
nff-004778  /a 
12/09/2022
13/09/2022
banco brades
000242
1 4 . 0 0 0 , 0 0 
1 4 . 0 0 0 , 0 0 
0 , 0 0 
0 , 0 0 
1 4 . 0 0 0 , 0 0 
01
vendas
01
nff-004945  /a 
12/09/2022
13/09/2022
banco brades
000242
1 2 . 7 5 0 , 0 0 
1 2 . 7 5 0 , 0 0 
0 , 0 0 
0 , 0 0 
1 2 . 7 5 0 , 0 0 
01
vendas
01
nff-004959  /a 
12/09/2022
13/09/2022
banco brades
000242
1 2 . 7 5 0 , 0 0 
1 2 . 7 5 0 , 0 0 
0 , 0 0 
0 , 0 0 
1 2 . 7 5 0 , 0 0 
01
vendas
01
nff-004963  /a 
14/09/2022
15/09/2022
banco brades
000247
1 2 . 7 5 0 , 0 0 
1 2 . 7 5 0 , 0 0 
0 , 0 0 
0 , 0 0 
1 2 . 7 5 0 , 0 0 
01
vendas
01
nff-004971  /a 
14/09/2022
15/09/2022
banco brades
000247
1 2 . 7 5 0 , 0 0 
1 2 . 7 5 0 , 0 0 
0 , 0 0 
0 , 0 0 
1 2 . 7 5 0 , 0 0 
01
vendas
28/09/2022 11:30 hs
im energy
página: 003
 
títulos recebidos
 
período: 01/09/2022  a  30/09/2022 *** tipos de documentos: todos *** tipo de baixa: pagto normal *** todas filiais
data
data
valor
valor
multa/
valor
líquido
fl
documento
vencimento
recebimento
banco
cheque
borderô
parcela
recebimento
juros
desconto
recebido
baixa
subgrupo
contrato
cliente: 000009 - cartonificio valinhos s a
01
nff-004995  /a 
16/09/2022
19/09/2022
banco brades
000253
1 2 . 7 5 0 , 0 0 
1 2 . 7 5 0 , 0 0 
0 , 0 0 
0 , 0 0 
1 2 . 7 5 0 , 0 0 
01
vendas
01
nff-005000  /a 
16/09/2022
19/09/2022
banco brades
000253
1 4 . 8 7 5 , 0 0 
1 4 . 8 7 5 , 0 0 
0 , 0 0 
0 , 0 0 
1 4 . 8 7 5 , 0 0 
01
vendas
01
nff-005002  /a 
16/09/2022
19/09/2022
banco brades
000253
1 2 . 7 5 0 , 0 0 
1 2 . 7 5 0 , 0 0 
0 , 0 0 
0 , 0 0 
1 2 . 7 5 0 , 0 0 
01
vendas
01
nff-005014  /a 
19/09/2022
20/09/2022
banco brades
000259
1 2 . 7 5 0 , 0 0 
1 2 . 7 5 0 , 0 0 
0 , 0 0 
0 , 0 0 
1 2 . 7 5 0 , 0 0 
01
vendas
01
nff-005053  /a 
21/09/2022
22/09/2022
banco brades
000264
1 2 . 7 5 0 , 0 0 
1 2 . 7 5 0 , 0 0 
0 , 0 0 
0 , 0 0 
1 2 . 7 5 0 , 0 0 
01
vendas
01
nff-005059  /a 
21/09/2022
22/09/2022
banco brades
000264
1 4 . 8 7 5 , 0 0 
1 4 . 8 7 5 , 0 0 
0 , 0 0 
0 , 0 0 
1 4 . 8 7 5 , 0 0 
01
vendas
01
nff-005086  /a 
23/09/2022
23/09/2022
banco brades
000267
1 2 . 7 5 0 , 0 0 
1 2 . 7 5 0 , 0 0 
0 , 0 0 
0 , 0 0 
1 2 . 7 5 0 , 0 0 
01
vendas
s u b t o t a i s : 
4 4 8 . 3 1 2 , 0 0 
0 , 0 0 
0 , 0 0 
4 4 8 . 3 1 2 , 0 0 
cliente: 000015 - hnk br industria de bebidas ltda.
01
nff-004385  /a 
06/09/2022
06/09/2022
banco brades
000230
1 2 . 0 0 0 , 0 0 
1 2 . 0 0 0 , 0 0 
0 , 0 0 
0 , 0 0 
1 2 . 0 0 0 , 0 0 
01
vendas
01
nff-004400  /a 
06/09/2022
06/09/2022
banco brades
000230
1 2 . 0 0 0 , 0 0 
1 2 . 0 0 0 , 0 0 
0 , 0 0 
0 , 0 0 
1 2 . 0 0 0 , 0 0 
01
vendas
01
nff-004406  /a 
06/09/2022
06/09/2022
banco brades
000230
1 2 . 0 0 0 , 0 0 
1 2 . 0 0 0 , 0 0 
0 , 0 0 
0 , 0 0 
1 2 . 0 0 0 , 0 0 
01
vendas
01
nff-004413  /a 
06/09/2022
06/09/2022
banco brades
000230
6 2 . 5 9 6 , 0 0 
6 2 . 5 9 6 , 0 0 
0 , 0 0 
0 , 0 0 
6 2 . 5 9 6 , 0 0 
01
vendas
01
nff-004416  /a 
06/09/2022
06/09/2022
banco brades
000230
1 2 . 0 0 0 , 0 0 
1 2 . 0 0 0 , 0 0 
0 , 0 0 
0 , 0 0 
1 2 . 0 0 0 , 0 0 
01
vendas
01
nff-004445  /a 
06/09/2022
06/09/2022
banco brades
000230
1 2 . 0 0 0 , 0 0 
1 2 . 0 0 0 , 0 0 
0 , 0 0 
0 , 0 0 
1 2 . 0 0 0 , 0 0 
01
vendas
01
nff-004446  /a 
06/09/2022
06/09/2022
banco brades
000230
1 2 . 0 0 0 , 0 0 
1 2 . 0 0 0 , 0 0 
0 , 0 0 
0 , 0 0 
1 2 . 0 0 0 , 0 0 
01
vendas
01
nff-004447  /a 
06/09/2022
06/09/2022
banco brades
000230
1 2 . 0 0 0 , 0 0 
1 2 . 0 0 0 , 0 0 
0 , 0 0 
0 , 0 0 
1 2 . 0 0 0 , 0 0 
01
vendas
01
nff-004452  /a 
06/09/2022
06/09/2022
banco brades
000230
1 2 . 0 0 0 , 0 0 
1 2 . 0 0 0 , 0 0 
0 , 0 0 
0 , 0 0 
1 2 . 0 0 0 , 0 0 
01
vendas
01
nff-004453  /a 
06/09/2022
06/09/2022
banco brades
000230
1 2 . 0 0 0 , 0 0 
1 2 . 0 0 0 , 0 0 
0 , 0 0 
0 , 0 0 
1 2 . 0 0 0 , 0 0 
01
vendas
01
nff-004454  /a 
06/09/2022
06/09/2022
banco brades
000230
1 2 . 0 0 0 , 0 0 
1 2 . 0 0 0 , 0 0 
0 , 0 0 
0 , 0 0 
1 2 . 0 0 0 , 0 0 
01
vendas
01
nff-004471  /a 
06/09/2022
06/09/2022
banco brades
000230
1 2 . 0 0 0 , 0 0 
1 2 . 0 0 0 , 0 0 
0 , 0 0 
0 , 0 0 
1 2 . 0 0 0 , 0 0 
01
vendas
01
nff-004479  /a 
06/09/2022
06/09/2022
banco brades
000230
1 2 . 0 0 0 , 0 0 
1 2 . 0 0 0 , 0 0 
0 , 0 0 
0 , 0 0 
1 2 . 0 0 0 , 0 0 
01
vendas
01
nff-004494  /a 
06/09/2022
06/09/2022
banco brades
000230
1 2 . 0 0 0 , 0 0 
1 2 . 0 0 0 , 0 0 
0 , 0 0 
0 , 0 0 
1 2 . 0 0 0 , 0 0 
01
vendas
01
nff-004495  /a 
06/09/2022
06/09/2022
banco brades
000230
1 2 . 0 0 0 , 0 0 
1 2 . 0 0 0 , 0 0 
0 , 0 0 
0 , 0 0 
1 2 . 0 0 0 , 0 0 
01
vendas
01
nff-004506  /a 
06/09/2022
06/09/2022
banco brades
000230
1 2 . 0 0 0 , 0 0 
1 2 . 0 0 0 , 0 0 
0 , 0 0 
0 , 0 0 
1 2 . 0 0 0 , 0 0 
01
vendas
01
nff-004515  /a 
06/09/2022
06/09/2022
banco brades
000230
1 2 . 0 0 0 , 0 0 
1 2 . 0 0 0 , 0 0 
0 , 0 0 
0 , 0 0 
1 2 . 0 0 0 , 0 0 
01
vendas
01
nff-004516  /a 
06/09/2022
06/09/2022
banco brades
000230
1 2 . 0 0 0 , 0 0 
1 2 . 0 0 0 , 0 0 
0 , 0 0 
0 , 0 0 
1 2 . 0 0 0 , 0 0 
01
vendas
01
nff-004517  /a 
06/09/2022
06/09/2022
banco brades
000230
1 2 . 0 0 0 , 0 0 
1 2 . 0 0 0 , 0 0 
0 , 0 0 
0 , 0 0 
1 2 . 0 0 0 , 0 0 
01
vendas
01
nff-004518  /a 
06/09/2022
06/09/2022
banco brades
000230
1 2 . 0 0 0 , 0 0 
1 2 . 0 0 0 , 0 0 
0 , 0 0 
0 , 0 0 
1 2 . 0 0 0 , 0 0 
01
vendas
01
nff-004529  /a 
06/09/2022
06/09/2022
banco brades
000230
1 2 . 0 0 0 , 0 0 
1 2 . 0 0 0 , 0 0 
0 , 0 0 
0 , 0 0 
1 2 . 0 0 0 , 0 0 
01
vendas
01
nff-004805  /a 
06/10/2022
14/09/2022
banco brades
000245
1 3 . 5 0 0 , 0 0 
1 3 . 5 0 0 , 0 0 
0 , 0 0 
0 , 0 0 
1 3 . 5 0 0 , 0 0 
01
vendas
01
nff-004806  /a 
06/10/2022
14/09/2022
banco brades
000245
1 3 . 5 0 0 , 0 0 
1 3 . 5 0 0 , 0 0 
0 , 0 0 
0 , 0 0 
1 3 . 5 0 0 , 0 0 
01
vendas
01
nff-004811  /a 
06/10/2022
14/09/2022
banco brades
000245
1 3 . 5 0 0 , 0 0 
1 3 . 5 0 0 , 0 0 
0 , 0 0 
0 , 0 0 
1 3 . 5 0 0 , 0 0 
01
vendas
01
nff-004816  /a 
06/10/2022
14/09/2022
banco brades
000245
1 3 . 5 0 0 , 0 0 
1 3 . 5 0 0 , 0 0 
0 , 0 0 
0 , 0 0 
1 3 . 5 0 0 , 0 0 
01
vendas
01
nff-004817  /a 
06/10/2022
14/09/2022
banco brades
000245
1 3 . 5 0 0 , 0 0 
1 3 . 5 0 0 , 0 0 
0 , 0 0 
0 , 0 0 
1 3 . 5 0 0 , 0 0 
01
vendas
01
nff-004821  /a 
06/10/2022
14/09/2022
banco brades
000245
7 9 . 6 4 4 , 0 0 
7 9 . 6 4 4 , 0 0 
0 , 0 0 
0 , 0 0 
7 9 . 6 4 4 , 0 0 
01
vendas
01
nff-004842  /a 
06/10/2022
14/09/2022
banco brades
000245
1 3 . 5 0 0 , 0 0 
1 3 . 5 0 0 , 0 0 
0 , 0 0 
0 , 0 0 
1 3 . 5 0 0 , 0 0 
01
vendas
01
nff-004849  /a 
06/10/2022
14/09/2022
banco brades
000245
1 3 . 5 0 0 , 0 0 
1 3 . 5 0 0 , 0 0 
0 , 0 0 
0 , 0 0 
1 3 . 5 0 0 , 0 0 
01
vendas
01
nff-004852  /a 
06/10/2022
14/09/2022
banco brades
000245
1 3 . 5 0 0 , 0 0 
1 3 . 5 0 0 , 0 0 
0 , 0 0 
0 , 0 0 
1 3 . 5 0 0 , 0 0 
01
vendas
01
nff-004854  /a 
06/10/2022
14/09/2022
banco brades
000245
1 3 . 5 0 0 , 0 0 
1 3 . 5 0 0 , 0 0 
0 , 0 0 
0 , 0 0 
1 3 . 5 0 0 , 0 0 
01
vendas
01
nff-004856  /a 
06/10/2022
14/09/2022
banco brades
000245
1 3 . 5 0 0 , 0 0 
1 3 . 5 0 0 , 0 0 
0 , 0 0 
0 , 0 0 
1 3 . 5 0 0 , 0 0 
01
vendas
01
nff-004863  /a 
06/10/2022
14/09/2022
banco brades
000245
1 3 . 5 0 0 , 0 0 
1 3 . 5 0 0 , 0 0 
0 , 0 0 
0 , 0 0 
1 3 . 5 0 0 , 0 0 
01
vendas
01
nff-004864  /a 
06/10/2022
14/09/2022
banco brades
000245
1 3 . 5 0 0 , 0 0 
1 3 . 5 0 0 , 0 0 
0 , 0 0 
0 , 0 0 
1 3 . 5 0 0 , 0 0 
01
vendas
01
nff-004867  /a 
06/10/2022
14/09/2022
banco brades
000245
1 3 . 5 0 0 , 0 0 
1 3 . 5 0 0 , 0 0 
0 , 0 0 
0 , 0 0 
1 3 . 5 0 0 , 0 0 
01
vendas
01
nff-004868  /a 
06/10/2022
14/09/2022
banco brades
000245
1 3 . 5 0 0 , 0 0 
1 3 . 5 0 0 , 0 0 
0 , 0 0 
0 , 0 0 
1 3 . 5 0 0 , 0 0 
01
vendas
01
nff-004870  /a 
06/10/2022
14/09/2022
banco brades
000245
1 3 . 5 0 0 , 0 0 
1 3 . 5 0 0 , 0 0 
0 , 0 0 
0 , 0 0 
1 3 . 5 0 0 , 0 0 
01
vendas
01
nff-004871  /a 
06/10/2022
14/09/2022
banco brades
000245
1 3 . 5 0 0 , 0 0 
1 3 . 5 0 0 , 0 0 
0 , 0 0 
0 , 0 0 
1 3 . 5 0 0 , 0 0 
01
vendas
01
nff-004878  /a 
06/10/2022
14/09/2022
banco brades
000245
1 3 . 5 0 0 , 0 0 
1 3 . 5 0 0 , 0 0 
0 , 0 0 
0 , 0 0 
1 3 . 5 0 0 , 0 0 
01
vendas
01
nff-004887  /a 
16/10/2022
14/09/2022
banco brades
000245
1 3 . 5 0 0 , 0 0 
1 3 . 5 0 0 , 0 0 
0 , 0 0 
0 , 0 0 
1 3 . 5 0 0 , 0 0 
01
vendas
01
nff-004898  /a 
16/10/2022
14/09/2022
banco brades
000245
1 3 . 5 0 0 , 0 0 
1 3 . 5 0 0 , 0 0 
0 , 0 0 
0 , 0 0 
1 3 . 5 0 0 , 0 0 
01
vendas
28/09/2022 11:30 hs
im energy
página: 004
 
títulos recebidos
 
período: 01/09/2022  a  30/09/2022 *** tipos de documentos: todos *** tipo de baixa: pagto normal *** todas filiais
data
data
valor
valor
multa/
valor
líquido
fl
documento
vencimento
recebimento
banco
cheque
borderô
parcela
recebimento
juros
desconto
recebido
baixa
subgrupo
contrato
cliente: 000015 - hnk br industria de bebidas ltda.
01
nff-004901  /a 
16/10/2022
14/09/2022
banco brades
000245
1 3 . 5 0 0 , 0 0 
1 3 . 5 0 0 , 0 0 
0 , 0 0 
0 , 0 0 
1 3 . 5 0 0 , 0 0 
01
vendas
01
nff-004904  /a 
16/10/2022
14/09/2022
banco brades
000245
1 3 . 5 0 0 , 0 0 
1 3 . 5 0 0 , 0 0 
0 , 0 0 
0 , 0 0 
1 3 . 5 0 0 , 0 0 
01
vendas
01
nff-004920  /a 
16/10/2022
14/09/2022
banco brades
000245
1 3 . 5 0 0 , 0 0 
1 3 . 5 0 0 , 0 0 
0 , 0 0 
0 , 0 0 
1 3 . 5 0 0 , 0 0 
01
vendas
01
nff-004927  /a 
16/10/2022
14/09/2022
banco brades
000245
1 3 . 5 0 0 , 0 0 
1 3 . 5 0 0 , 0 0 
0 , 0 0 
0 , 0 0 
1 3 . 5 0 0 , 0 0 
01
vendas
01
nff-004932  /a 
16/10/2022
14/09/2022
banco brades
000245
1 3 . 5 0 0 , 0 0 
1 3 . 5 0 0 , 0 0 
0 , 0 0 
0 , 0 0 
1 3 . 5 0 0 , 0 0 
01
vendas
01
nff-004933  /a 
16/10/2022
14/09/2022
banco brades
000245
1 3 . 5 0 0 , 0 0 
1 3 . 5 0 0 , 0 0 
0 , 0 0 
0 , 0 0 
1 3 . 5 0 0 , 0 0 
01
vendas
01
nff-004946  /a 
16/10/2022
14/09/2022
banco brades
000245
1 3 . 5 0 0 , 0 0 
1 3 . 5 0 0 , 0 0 
0 , 0 0 
0 , 0 0 
1 3 . 5 0 0 , 0 0 
01
vendas
01
nff-004947  /a 
16/10/2022
14/09/2022
banco brades
000245
1 3 . 5 0 0 , 0 0 
1 3 . 5 0 0 , 0 0 
0 , 0 0 
0 , 0 0 
1 3 . 5 0 0 , 0 0 
01
vendas
01
nff-004948  /a 
16/10/2022
14/09/2022
banco brades
000245
1 3 . 5 0 0 , 0 0 
1 3 . 5 0 0 , 0 0 
0 , 0 0 
0 , 0 0 
1 3 . 5 0 0 , 0 0 
01
vendas
01
nff-004950  /a 
16/10/2022
14/09/2022
banco brades
000245
1 3 . 5 0 0 , 0 0 
1 3 . 5 0 0 , 0 0 
0 , 0 0 
0 , 0 0 
1 3 . 5 0 0 , 0 0 
01
vendas
01
nff-004952  /a 
16/10/2022
14/09/2022
banco brades
000245
1 3 . 5 0 0 , 0 0 
1 3 . 5 0 0 , 0 0 
0 , 0 0 
0 , 0 0 
1 3 . 5 0 0 , 0 0 
01
vendas
01
nff-004956  /a 
16/10/2022
14/09/2022
banco brades
000245
1 3 . 5 0 0 , 0 0 
1 3 . 5 0 0 , 0 0 
0 , 0 0 
0 , 0 0 
1 3 . 5 0 0 , 0 0 
01
vendas
01
nff-004965  /a 
16/10/2022
14/09/2022
banco brades
000245
1 3 . 5 0 0 , 0 0 
1 3 . 5 0 0 , 0 0 
0 , 0 0 
0 , 0 0 
1 3 . 5 0 0 , 0 0 
01
vendas
01
nff-004970  /a 
16/10/2022
14/09/2022
banco brades
000245
1 3 . 5 0 0 , 0 0 
1 3 . 5 0 0 , 0 0 
0 , 0 0 
0 , 0 0 
1 3 . 5 0 0 , 0 0 
01
vendas
01
nff-004972  /a 
16/10/2022
14/09/2022
banco brades
000245
1 3 . 5 0 0 , 0 0 
1 3 . 5 0 0 , 0 0 
0 , 0 0 
0 , 0 0 
1 3 . 5 0 0 , 0 0 
01
vendas
01
nff-004974  /a 
16/10/2022
14/09/2022
banco brades
000245
1 3 . 5 0 0 , 0 0 
1 3 . 5 0 0 , 0 0 
0 , 0 0 
0 , 0 0 
1 3 . 5 0 0 , 0 0 
01
vendas
01
nff-004987  /a 
16/10/2022
14/09/2022
banco brades
000245
1 3 . 5 0 0 , 0 0 
1 3 . 5 0 0 , 0 0 
0 , 0 0 
0 , 0 0 
1 3 . 5 0 0 , 0 0 
01
vendas
01
nff-005107  /a 
06/11/2022
14/09/2022
banco brades
000245
5 8 . 7 5 6 , 5 0 
5 8 . 7 5 6 , 5 0 
0 , 0 0 
0 , 0 0 
5 8 . 7 5 6 , 5 0 
01
vendas
01
nff-005173  /a 
06/11/2022
14/09/2022
banco brades
000245
1 3 . 5 0 0 , 0 0 
1 3 . 5 0 0 , 0 0 
0 , 0 0 
0 , 0 0 
1 3 . 5 0 0 , 0 0 
01
vendas
01
nff-005174  /a 
06/11/2022
14/09/2022
banco brades
000245
1 3 . 5 0 0 , 0 0 
1 3 . 5 0 0 , 0 0 
0 , 0 0 
0 , 0 0 
1 3 . 5 0 0 , 0 0 
01
vendas
01
nff-005177  /a 
06/11/2022
14/09/2022
banco brades
000245
1 3 . 5 0 0 , 0 0 
1 3 . 5 0 0 , 0 0 
0 , 0 0 
0 , 0 0 
1 3 . 5 0 0 , 0 0 
01
vendas
01
nff-005183  /a 
06/11/2022
14/09/2022
banco brades
000245
1 3 . 5 0 0 , 0 0 
1 3 . 5 0 0 , 0 0 
0 , 0 0 
0 , 0 0 
1 3 . 5 0 0 , 0 0 
01
vendas
01
nff-005184  /a 
06/11/2022
14/09/2022
banco brades
000245
1 3 . 5 0 0 , 0 0 
1 3 . 5 0 0 , 0 0 
0 , 0 0 
0 , 0 0 
1 3 . 5 0 0 , 0 0 
01
vendas
01
nff-005185  /a 
06/11/2022
14/09/2022
banco brades
000245
1 3 . 5 0 0 , 0 0 
1 3 . 5 0 0 , 0 0 
0 , 0 0 
0 , 0 0 
1 3 . 5 0 0 , 0 0 
01
vendas
01
nff-005187  /a 
06/11/2022
14/09/2022
banco brades
000245
1 3 . 5 0 0 , 0 0 
1 3 . 5 0 0 , 0 0 
0 , 0 0 
0 , 0 0 
1 3 . 5 0 0 , 0 0 
01
vendas
01
nff-005191  /a 
06/11/2022
14/09/2022
banco brades
000245
1 3 . 5 0 0 , 0 0 
1 3 . 5 0 0 , 0 0 
0 , 0 0 
0 , 0 0 
1 3 . 5 0 0 , 0 0 
01
vendas
01
nff-005193  /a 
06/11/2022
14/09/2022
banco brades
000245
1 3 . 5 0 0 , 0 0 
1 3 . 5 0 0 , 0 0 
0 , 0 0 
0 , 0 0 
1 3 . 5 0 0 , 0 0 
01
vendas
01
nff-005196  /a 
06/11/2022
14/09/2022
banco brades
000245
1 3 . 5 0 0 , 0 0 
1 3 . 5 0 0 , 0 0 
0 , 0 0 
0 , 0 0 
1 3 . 5 0 0 , 0 0 
01
vendas
01
nff-005203  /a 
06/11/2022
14/09/2022
banco brades
000245
1 3 . 5 0 0 , 0 0 
1 3 . 5 0 0 , 0 0 
0 , 0 0 
0 , 0 0 
1 3 . 5 0 0 , 0 0 
01
vendas
01
nff-005211  /a 
06/11/2022
14/09/2022
banco brades
000245
1 3 . 5 0 0 , 0 0 
1 3 . 5 0 0 , 0 0 
0 , 0 0 
0 , 0 0 
1 3 . 5 0 0 , 0 0 
01
vendas
01
nff-005212  /a 
06/11/2022
14/09/2022
banco brades
000245
1 3 . 5 0 0 , 0 0 
1 3 . 5 0 0 , 0 0 
0 , 0 0 
0 , 0 0 
1 3 . 5 0 0 , 0 0 
01
vendas
01
nff-005218  /a 
16/11/2022
14/09/2022
banco brades
1 3 . 5 0 0 , 0 0 
1 3 . 5 0 0 , 0 0 
0 , 0 0 
0 , 0 0 
1 3 . 5 0 0 , 0 0 
01
vendas
01
nff-005219  /a 
16/11/2022
14/09/2022
banco brades
1 3 . 5 0 0 , 0 0 
1 3 . 5 0 0 , 0 0 
0 , 0 0 
0 , 0 0 
1 3 . 5 0 0 , 0 0 
01
vendas
01
nff-004547  /a 
16/09/2022
16/09/2022
banco brades
000250
1 2 . 0 0 0 , 0 0 
1 2 . 0 0 0 , 0 0 
0 , 0 0 
0 , 0 0 
1 2 . 0 0 0 , 0 0 
01
vendas
01
nff-004557  /a 
16/09/2022
16/09/2022
banco brades
000250
1 2 . 0 0 0 , 0 0 
1 2 . 0 0 0 , 0 0 
0 , 0 0 
0 , 0 0 
1 2 . 0 0 0 , 0 0 
01
vendas
01
nff-004558  /a 
16/09/2022
16/09/2022
banco brades
000250
1 2 . 0 0 0 , 0 0 
1 2 . 0 0 0 , 0 0 
0 , 0 0 
0 , 0 0 
1 2 . 0 0 0 , 0 0 
01
vendas
01
nff-004560  /a 
16/09/2022
16/09/2022
banco brades
000250
1 2 . 0 0 0 , 0 0 
1 2 . 0 0 0 , 0 0 
0 , 0 0 
0 , 0 0 
1 2 . 0 0 0 , 0 0 
01
vendas
01
nff-004563  /a 
16/09/2022
16/09/2022
banco brades
000250
1 2 . 0 0 0 , 0 0 
1 2 . 0 0 0 , 0 0 
0 , 0 0 
0 , 0 0 
1 2 . 0 0 0 , 0 0 
01
vendas
01
nff-004567  /a 
16/09/2022
16/09/2022
banco brades
000250
1 2 . 0 0 0 , 0 0 
1 2 . 0 0 0 , 0 0 
0 , 0 0 
0 , 0 0 
1 2 . 0 0 0 , 0 0 
01
vendas
01
nff-004577  /a 
16/09/2022
16/09/2022
banco brades
000250
1 2 . 0 0 0 , 0 0 
1 2 . 0 0 0 , 0 0 
0 , 0 0 
0 , 0 0 
1 2 . 0 0 0 , 0 0 
01
vendas
01
nff-004579  /a 
16/09/2022
16/09/2022
banco brades
000250
1 2 . 0 0 0 , 0 0 
1 2 . 0 0 0 , 0 0 
0 , 0 0 
0 , 0 0 
1 2 . 0 0 0 , 0 0 
01
vendas
01
nff-004581  /a 
16/09/2022
16/09/2022
banco brades
000250
1 2 . 0 0 0 , 0 0 
1 2 . 0 0 0 , 0 0 
0 , 0 0 
0 , 0 0 
1 2 . 0 0 0 , 0 0 
01
vendas
01
nff-004587  /a 
16/09/2022
16/09/2022
banco brades
000250
1 2 . 0 0 0 , 0 0 
1 2 . 0 0 0 , 0 0 
0 , 0 0 
0 , 0 0 
1 2 . 0 0 0 , 0 0 
01
vendas
01
nff-004589  /a 
16/09/2022
16/09/2022
banco brades
000250
1 2 . 0 0 0 , 0 0 
1 2 . 0 0 0 , 0 0 
0 , 0 0 
0 , 0 0 
1 2 . 0 0 0 , 0 0 
01
vendas
01
nff-004608  /a 
16/09/2022
16/09/2022
banco brades
000250
1 2 . 0 0 0 , 0 0 
1 2 . 0 0 0 , 0 0 
0 , 0 0 
0 , 0 0 
1 2 . 0 0 0 , 0 0 
01
vendas
01
nff-004610  /a 
16/09/2022
16/09/2022
banco brades
000250
1 2 . 0 0 0 , 0 0 
1 2 . 0 0 0 , 0 0 
0 , 0 0 
0 , 0 0 
1 2 . 0 0 0 , 0 0 
01
vendas
01
nff-004611  /a 
16/09/2022
16/09/2022
banco brades
000250
1 2 . 0 0 0 , 0 0 
1 2 . 0 0 0 , 0 0 
0 , 0 0 
0 , 0 0 
1 2 . 0 0 0 , 0 0 
01
vendas
01
nff-004613  /a 
16/09/2022
16/09/2022
banco brades
000250
1 2 . 0 0 0 , 0 0 
1 2 . 0 0 0 , 0 0 
0 , 0 0 
0 , 0 0 
1 2 . 0 0 0 , 0 0 
01
vendas
01
nff-004614  /a 
16/09/2022
16/09/2022
banco brades
000250
1 2 . 0 0 0 , 0 0 
1 2 . 0 0 0 , 0 0 
0 , 0 0 
0 , 0 0 
1 2 . 0 0 0 , 0 0 
01
vendas
01
nff-004620  /a 
16/09/2022
16/09/2022
banco brades
000250
1 2 . 0 0 0 , 0 0 
1 2 . 0 0 0 , 0 0 
0 , 0 0 
0 , 0 0 
1 2 . 0 0 0 , 0 0 
01
vendas
01
nff-004622  /a 
16/09/2022
16/09/2022
banco brades
000250
1 2 . 0 0 0 , 0 0 
1 2 . 0 0 0 , 0 0 
0 , 0 0 
0 , 0 0 
1 2 . 0 0 0 , 0 0 
01
vendas
28/09/2022 11:30 hs
im energy
página: 005
 
títulos recebidos
 
período: 01/09/2022  a  30/09/2022 *** tipos de documentos: todos *** tipo de baixa: pagto normal *** todas filiais
data
data
valor
valor
multa/
valor
líquido
fl
documento
vencimento
recebimento
banco
cheque
borderô
parcela
recebimento
juros
desconto
recebido
baixa
subgrupo
contrato
cliente: 000015 - hnk br industria de bebidas ltda.
01
nff-004623  /a 
16/09/2022
16/09/2022
banco brades
000250
1 2 . 0 0 0 , 0 0 
1 2 . 0 0 0 , 0 0 
0 , 0 0 
0 , 0 0 
1 2 . 0 0 0 , 0 0 
01
vendas
01
nff-004624  /a 
16/09/2022
16/09/2022
banco brades
000250
1 2 . 0 0 0 , 0 0 
1 2 . 0 0 0 , 0 0 
0 , 0 0 
0 , 0 0 
1 2 . 0 0 0 , 0 0 
01
vendas
01
nff-004629  /a 
16/09/2022
16/09/2022
banco brades
000250
1 2 . 0 0 0 , 0 0 
1 2 . 0 0 0 , 0 0 
0 , 0 0 
0 , 0 0 
1 2 . 0 0 0 , 0 0 
01
vendas
01
nff-004632  /a 
16/09/2022
16/09/2022
banco brades
000250
1 2 . 0 0 0 , 0 0 
1 2 . 0 0 0 , 0 0 
0 , 0 0 
0 , 0 0 
1 2 . 0 0 0 , 0 0 
01
vendas
01
nff-004636  /a 
16/09/2022
16/09/2022
banco brades
000250
1 2 . 0 0 0 , 0 0 
1 2 . 0 0 0 , 0 0 
0 , 0 0 
0 , 0 0 
1 2 . 0 0 0 , 0 0 
01
vendas
01
nff-004641  /a 
16/09/2022
16/09/2022
banco brades
000250
1 2 . 0 0 0 , 0 0 
1 2 . 0 0 0 , 0 0 
0 , 0 0 
0 , 0 0 
1 2 . 0 0 0 , 0 0 
01
vendas
01
nff-004652  /a 
26/09/2022
26/09/2022
banco brades
000271
1 2 . 0 0 0 , 0 0 
1 2 . 0 0 0 , 0 0 
0 , 0 0 
0 , 0 0 
1 2 . 0 0 0 , 0 0 
01
vendas
01
nff-004657  /a 
26/09/2022
26/09/2022
banco brades
000271
1 2 . 0 0 0 , 0 0 
1 2 . 0 0 0 , 0 0 
0 , 0 0 
0 , 0 0 
1 2 . 0 0 0 , 0 0 
01
vendas
01
nff-004658  /a 
26/09/2022
26/09/2022
banco brades
000271
1 2 . 0 0 0 , 0 0 
1 2 . 0 0 0 , 0 0 
0 , 0 0 
0 , 0 0 
1 2 . 0 0 0 , 0 0 
01
vendas
01
nff-004659  /a 
26/09/2022
26/09/2022
banco brades
000271
1 2 . 0 0 0 , 0 0 
1 2 . 0 0 0 , 0 0 
0 , 0 0 
0 , 0 0 
1 2 . 0 0 0 , 0 0 
01
vendas
01
nff-004666  /a 
26/09/2022
26/09/2022
banco brades
000271
1 2 . 0 0 0 , 0 0 
1 2 . 0 0 0 , 0 0 
0 , 0 0 
0 , 0 0 
1 2 . 0 0 0 , 0 0 
01
vendas
01
nff-004673  /a 
26/09/2022
26/09/2022
banco brades
000271
1 2 . 0 0 0 , 0 0 
1 2 . 0 0 0 , 0 0 
0 , 0 0 
0 , 0 0 
1 2 . 0 0 0 , 0 0 
01
vendas
01
nff-004674  /a 
26/09/2022
26/09/2022
banco brades
000271
1 2 . 0 0 0 , 0 0 
1 2 . 0 0 0 , 0 0 
0 , 0 0 
0 , 0 0 
1 2 . 0 0 0 , 0 0 
01
vendas
01
nff-004681  /a 
26/09/2022
26/09/2022
banco brades
000271
1 2 . 0 0 0 , 0 0 
1 2 . 0 0 0 , 0 0 
0 , 0 0 
0 , 0 0 
1 2 . 0 0 0 , 0 0 
01
vendas
01
nff-004685  /a 
26/09/2022
26/09/2022
banco brades
000271
1 2 . 0 0 0 , 0 0 
1 2 . 0 0 0 , 0 0 
0 , 0 0 
0 , 0 0 
1 2 . 0 0 0 , 0 0 
01
vendas
01
nff-004686  /a 
26/09/2022
26/09/2022
banco brades
000271
1 2 . 0 0 0 , 0 0 
1 2 . 0 0 0 , 0 0 
0 , 0 0 
0 , 0 0 
1 2 . 0 0 0 , 0 0 
01
vendas
01
nff-004687  /a 
26/09/2022
26/09/2022
banco brades
000271
1 2 . 0 0 0 , 0 0 
1 2 . 0 0 0 , 0 0 
0 , 0 0 
0 , 0 0 
1 2 . 0 0 0 , 0 0 
01
vendas
01
nff-004698  /a 
26/09/2022
26/09/2022
banco brades
000271
1 2 . 0 0 0 , 0 0 
1 2 . 0 0 0 , 0 0 
0 , 0 0 
0 , 0 0 
1 2 . 0 0 0 , 0 0 
01
vendas
01
nff-004699  /a 
26/09/2022
26/09/2022
banco brades
000271
1 2 . 0 0 0 , 0 0 
1 2 . 0 0 0 , 0 0 
0 , 0 0 
0 , 0 0 
1 2 . 0 0 0 , 0 0 
01
vendas
01
nff-004701  /a 
26/09/2022
26/09/2022
banco brades
000271
1 2 . 0 0 0 , 0 0 
1 2 . 0 0 0 , 0 0 
0 , 0 0 
0 , 0 0 
1 2 . 0 0 0 , 0 0 
01
vendas
01
nff-004702  /a 
26/09/2022
26/09/2022
banco brades
000271
1 2 . 0 0 0 , 0 0 
1 2 . 0 0 0 , 0 0 
0 , 0 0 
0 , 0 0 
1 2 . 0 0 0 , 0 0 
01
vendas
01
nff-004703  /a 
26/09/2022
26/09/2022
banco brades
000271
1 2 . 0 0 0 , 0 0 
1 2 . 0 0 0 , 0 0 
0 , 0 0 
0 , 0 0 
1 2 . 0 0 0 , 0 0 
01
vendas
01
nff-004707  /a 
26/09/2022
26/09/2022
banco brades
000271
1 2 . 0 0 0 , 0 0 
1 2 . 0 0 0 , 0 0 
0 , 0 0 
0 , 0 0 
1 2 . 0 0 0 , 0 0 
01
vendas
01
nff-004709  /a 
26/09/2022
26/09/2022
banco brades
000271
1 2 . 0 0 0 , 0 0 
1 2 . 0 0 0 , 0 0 
0 , 0 0 
0 , 0 0 
1 2 . 0 0 0 , 0 0 
01
vendas
01
nff-004712  /a 
26/09/2022
26/09/2022
banco brades
000271
1 2 . 0 0 0 , 0 0 
1 2 . 0 0 0 , 0 0 
0 , 0 0 
0 , 0 0 
1 2 . 0 0 0 , 0 0 
01
vendas
01
nff-004713  /a 
26/09/2022
26/09/2022
banco brades
000271
1 2 . 0 0 0 , 0 0 
1 2 . 0 0 0 , 0 0 
0 , 0 0 
0 , 0 0 
1 2 . 0 0 0 , 0 0 
01
vendas
01
nff-004716  /a 
26/09/2022
26/09/2022
banco brades
000271
1 2 . 0 0 0 , 0 0 
1 2 . 0 0 0 , 0 0 
0 , 0 0 
0 , 0 0 
1 2 . 0 0 0 , 0 0 
01
vendas
01
nff-004717  /a 
26/09/2022
26/09/2022
banco brades
000271
1 2 . 0 0 0 , 0 0 
1 2 . 0 0 0 , 0 0 
0 , 0 0 
0 , 0 0 
1 2 . 0 0 0 , 0 0 
01
vendas
01
nff-004732  /a 
26/09/2022
26/09/2022
banco brades
000271
1 2 . 0 0 0 , 0 0 
1 2 . 0 0 0 , 0 0 
0 , 0 0 
0 , 0 0 
1 2 . 0 0 0 , 0 0 
01
vendas
01
nff-004737  /a 
26/09/2022
26/09/2022
banco brades
000271
1 2 . 0 0 0 , 0 0 
1 2 . 0 0 0 , 0 0 
0 , 0 0 
0 , 0 0 
1 2 . 0 0 0 , 0 0 
01
vendas
01
nff-004742  /a 
26/09/2022
26/09/2022
banco brades
000271
1 2 . 0 0 0 , 0 0 
1 2 . 0 0 0 , 0 0 
0 , 0 0 
0 , 0 0 
1 2 . 0 0 0 , 0 0 
01
vendas
01
nff-004748  /a 
26/09/2022
26/09/2022
banco brades
000271
1 2 . 0 0 0 , 0 0 
1 2 . 0 0 0 , 0 0 
0 , 0 0 
0 , 0 0 
1 2 . 0 0 0 , 0 0 
01
vendas
01
nff-004749  /a 
26/09/2022
26/09/2022
banco brades
000271
1 2 . 0 0 0 , 0 0 
1 2 . 0 0 0 , 0 0 
0 , 0 0 
0 , 0 0 
1 2 . 0 0 0 , 0 0 
01
vendas
01
nff-004757  /a 
26/09/2022
26/09/2022
banco brades
000271
1 2 . 0 0 0 , 0 0 
1 2 . 0 0 0 , 0 0 
0 , 0 0 
0 , 0 0 
1 2 . 0 0 0 , 0 0 
01
vendas
01
nff-004759  /a 
26/09/2022
26/09/2022
banco brades
000271
1 2 . 0 0 0 , 0 0 
1 2 . 0 0 0 , 0 0 
0 , 0 0 
0 , 0 0 
1 2 . 0 0 0 , 0 0 
01
vendas
01
nff-004762  /a 
26/09/2022
26/09/2022
banco brades
000271
1 2 . 0 0 0 , 0 0 
1 2 . 0 0 0 , 0 0 
0 , 0 0 
0 , 0 0 
1 2 . 0 0 0 , 0 0 
01
vendas
01
nff-004763  /a 
26/09/2022
26/09/2022
banco brades
000271
1 2 . 0 0 0 , 0 0 
1 2 . 0 0 0 , 0 0 
0 , 0 0 
0 , 0 0 
1 2 . 0 0 0 , 0 0 
01
vendas
s u b t o t a i s : 
1 . 7 8 9 . 4 9 6 , 5 0 
0 , 0 0 
0 , 0 0 
1 . 7 8 9 . 4 9 6 , 5 0 
cliente: 000013 - raizen energia s.a
01
nff-005017  /a 
01/09/2022
01/09/2022
banco brades
000221
9 . 2 4 0 , 0 0 
9 . 2 4 0 , 0 0 
0 , 0 0 
0 , 0 0 
9 . 2 4 0 , 0 0 
01
revenda
01
nff-005022  /a 
01/09/2022
01/09/2022
banco brades
000221
9 . 2 4 0 , 0 0 
9 . 2 4 0 , 0 0 
0 , 0 0 
0 , 0 0 
9 . 2 4 0 , 0 0 
01
revenda
01
nff-005023  /a 
01/09/2022
01/09/2022
banco brades
000221
9 . 2 4 0 , 0 0 
9 . 2 4 0 , 0 0 
0 , 0 0 
0 , 0 0 
9 . 2 4 0 , 0 0 
01
revenda
01
nff-005024  /a 
01/09/2022
01/09/2022
banco brades
000221
9 . 2 4 0 , 0 0 
9 . 2 4 0 , 0 0 
0 , 0 0 
0 , 0 0 
9 . 2 4 0 , 0 0 
01
revenda
01
nff-005026  /a 
02/09/2022
02/09/2022
banco brades
000222
9 . 2 4 0 , 0 0 
9 . 2 4 0 , 0 0 
0 , 0 0 
0 , 0 0 
9 . 2 4 0 , 0 0 
01
revenda
01
nff-005027  /a 
02/09/2022
02/09/2022
banco brades
000222
9 . 2 4 0 , 0 0 
9 . 2 4 0 , 0 0 
0 , 0 0 
0 , 0 0 
9 . 2 4 0 , 0 0 
01
revenda
01
nff-005063  /a 
02/09/2022
02/09/2022
banco brades
000222
6 . 0 0 0 , 0 0 
6 . 0 0 0 , 0 0 
0 , 0 0 
0 , 0 0 
6 . 0 0 0 , 0 0 
01
revenda
01
nff-005071  /a 
03/09/2022
05/09/2022
banco brades
000228
6 . 0 0 0 , 0 0 
6 . 0 0 0 , 0 0 
0 , 0 0 
0 , 0 0 
6 . 0 0 0 , 0 0 
01
revenda
01
nff-005075  /a 
03/09/2022
05/09/2022
banco brades
000228
6 . 0 0 0 , 0 0 
6 . 0 0 0 , 0 0 
0 , 0 0 
0 , 0 0 
6 . 0 0 0 , 0 0 
01
revenda
01
nff-005080  /a 
03/09/2022
05/09/2022
banco brades
000228
6 . 0 0 0 , 0 0 
6 . 0 0 0 , 0 0 
0 , 0 0 
0 , 0 0 
6 . 0 0 0 , 0 0 
01
revenda
01
nff-005082  /a 
03/09/2022
05/09/2022
banco brades
000228
6 . 0 0 0 , 0 0 
6 . 0 0 0 , 0 0 
0 , 0 0 
0 , 0 0 
6 . 0 0 0 , 0 0 
01
revenda
