banco: 237 agencia: 553 conta: 61040
produto: cdb - certificado de depósito bancário
posição para o produto: invest facil bradesco
seleção do período a partir de: 01/06/2022 até: 30/06/2022
extrato padrão
13/07/2022 17:33
*
dt. aplicação
dt. vencto
dt. resgate /
carência
taxa (%)
vlr princ. (r$)
vlr. bruto (r$)
renda total(r$)
vlr. iof (r$)
vlr. irrf (r$)
vlr líquido(r$)
renda bruta per
saldo anterior em 31/05/2022
31/05/2022
20/05/2024
 -
5,0000
48.014,85
48.014,85
0,00
0,00
0,00
48.014,85
30/03/2022
19/03/2024
 -
5,0000
399.518,87
399.898,74
379,87
0,00
85,47
399.813,27
31/03/2022
20/03/2024
 -
5,0000
6.937,50
6.943,94
6,44
0,00
1,44
6.942,50
05/04/2022
25/03/2024
 -
5,0000
4.500,01
4.503,89
3,88
0,00
0,87
4.503,02
07/04/2022
27/03/2024
 -
5,0000
24.446,28
24.466,31
20,03
0,00
4,50
24.461,81
08/04/2022
28/03/2024
 -
5,0000
4.727,90
4.731,67
3,77
0,00
0,84
4.730,83
11/04/2022
01/04/2024
 -
5,0000
5.000,66
5.004,53
3,87
0,00
0,87
5.003,66
12/04/2022
01/04/2024
 -
5,0000
7.019,15
7.024,44
5,29
0,00
1,19
7.023,25
13/04/2022
02/04/2024
 -
5,0000
17.320,76
17.333,43
12,67
0,00
2,85
17.330,58
14/04/2022
03/04/2024
 -
5,0000
19.926,70
19.940,84
14,14
0,00
3,18
19.937,66
18/04/2022
08/04/2024
 -
5,0000
447.013,29
447.320,91
307,62
0,00
69,21
447.251,70
19/04/2022
08/04/2024
 -
5,0000
19.076,45
19.089,16
12,71
0,00
2,85
19.086,31
20/04/2022
09/04/2024
 -
5,0000
19.343,38
19.355,84
12,46
0,00
2,80
19.353,04
22/04/2022
11/04/2024
 -
5,0000
1.866,35
1.867,51
1,16
0,00
0,26
1.867,25
26/04/2022
15/04/2024
 -
5,0000
23.405,70
23.419,24
13,54
0,00
3,04
23.416,20
27/04/2022
16/04/2024
 -
5,0000
4.292,25
4.294,64
2,39
0,00
0,53
4.294,11
28/04/2022
17/04/2024
 -
5,0000
19.698,94
19.709,47
10,53
0,00
2,36
19.707,11
02/05/2022
22/04/2024
 -
5,0000
2.687,52
2.688,84
1,32
0,03
0,29
2.688,52
05/05/2022
24/04/2024
 -
5,0000
2.775,78
2.776,96
1,18
0,15
0,23
2.776,58
06/05/2022
25/04/2024
 -
5,0000
48.501,30
48.520,79
19,49
3,11
3,68
48.514,00
10/05/2022
29/04/2024
 -
5,0000
99.123,55
99.158,70
35,15
10,54
5,53
99.142,63
11/05/2022
30/04/2024
 -
5,0000
7.019,11
7.021,43
2,32
0,76
0,35
7.020,32
12/05/2022
02/05/2024
 -
5,0000
74.031,01
74.053,76
22,75
8,19
3,27
74.042,30
13/05/2022
02/05/2024
 -
5,0000
6.333,96
6.335,75
1,79
0,71
0,24
6.334,80
16/05/2022
06/05/2024
 -
5,0000
18.021,12
18.025,80
4,68
2,34
0,52
18.022,94
18/05/2022
07/05/2024
 -
5,0000
2.374,98
2.375,48
0,50
0,28
0,04
2.375,16
26/05/2022
15/05/2024
 -
5,0000
15.692,58
15.693,69
1,11
0,92
0,04
15.692,73
30/05/2022
20/05/2024
 -
5,0000
2.687,53
2.687,59
0,06
0,05
0,00
2.687,54
total
1.351.357,48
1.352.258,20
900,72
27,08
196,45
1.352.034,67
aplicações
02/06/2022
22/05/2024
 -
5,0000
15.692,60
03/06/2022
23/05/2024
 -
5,0000
9.359,81
06/06/2022
27/05/2024
 -
5,0000
47.012,60
07/06/2022
27/05/2024
 -
5,0000
28.494,15
08/06/2022
28/05/2024
 -
5,0000
282,55
09/06/2022
29/05/2024
 -
5,0000
50.817,53
10/06/2022
31/05/2024
 -
5,0000
55.091,44
13/06/2022
03/06/2024
 -
5,0000
6.758,39
14/06/2022
03/06/2024
 -
5,0000
11.896,99
15/06/2022
04/06/2024
 -
5,0000
14.554,94
21/06/2022
10/06/2024
 -
5,0000
9.271,40
22/06/2022
11/06/2024
 -
5,0000
240.994,07
23/06/2022
12/06/2024
 -
5,0000
1.872,00
24/06/2022
13/06/2024
 -
5,0000
66.175,60
27/06/2022
17/06/2024
 -
5,0000
11.447,35
total
569.721,42
resgates / vencimentos
30/03/2022
19/03/2024
17/06/2022
5,0000
5.358,21
5.364,82
6,61
0,00
1,48
5.363,34
1,52
30/03/2022
19/03/2024
20/06/2022
5,0000
21.127,15
21.153,75
26,60
0,00
5,98
21.147,77
6,51
30/03/2022
19/03/2024
28/06/2022
5,0000
373.033,51
373.558,23
524,72
0,00
118,06
373.440,17
170,03
31/03/2022
20/03/2024
28/06/2022
5,0000
6.937,50
6.947,10
9,60
0,00
2,16
6.944,94
3,16
05/04/2022
25/03/2024
28/06/2022
5,0000
4.500,01
4.505,94
5,93
0,00
1,33
4.504,61
2,05
07/04/2022
27/03/2024
28/06/2022
5,0000
24.446,28
24.477,45
31,17
0,00
7,01
24.470,44
11,14
08/04/2022
28/03/2024
28/06/2022
5,0000
4.727,90
4.733,82
5,92
0,00
1,33
4.732,49
2,15
11/04/2022
01/04/2024
28/06/2022
5,0000
5.000,66
5.006,81
6,15
0,00
1,38
5.005,43
2,28
12/04/2022
01/04/2024
28/06/2022
5,0000
7.019,15
7.027,64
8,49
0,00
1,91
7.025,73
3,20
13/04/2022
02/04/2024
28/06/2022
5,0000
17.320,76
17.341,33
20,57
0,00
4,62
17.336,71
7,90
14/04/2022
03/04/2024
28/06/2022
5,0000
19.926,70
19.949,93
23,23
0,00
5,22
19.944,71
9,09
18/04/2022
08/04/2024
28/06/2022
5,0000
447.013,29
447.524,62
511,33
0,00
115,04
447.409,58
203,71
19/04/2022
08/04/2024
28/06/2022
5,0000
19.076,45
19.097,85
21,40
0,00
4,81
19.093,04
8,69
20/04/2022
09/04/2024
28/06/2022
5,0000
19.343,38
19.364,65
21,27
0,00
4,78
19.359,87
8,81
22/04/2022
11/04/2024
28/06/2022
5,0000
573,81
574,42
0,61
0,00
0,13
574,29
0,25
22/04/2022
11/04/2024
30/06/2022
5,0000
1.292,54
1.293,99
1,45
0,00
0,32
1.293,67
0,65
26/04/2022
15/04/2024
30/06/2022
5,0000
23.405,70
23.431,06
25,36
0,00
5,70
23.425,36
11,82
27/04/2022
16/04/2024
30/06/2022
5,0000
4.292,25
4.296,80
4,55
0,00
1,02
4.295,78
2,16
28/04/2022
17/04/2024
30/06/2022
5,0000
19.698,94
19.719,42
20,48
0,00
4,60
19.714,82
9,95
02/05/2022
22/04/2024
30/06/2022
5,0000
2.687,52
2.690,19
2,67
0,00
0,60
2.689,59
1,35
05/05/2022
24/04/2024
30/06/2022
5,0000
2.775,78
2.778,36
2,58
0,00
0,58
2.777,78
1,40
06/05/2022
25/04/2024
30/06/2022
5,0000
48.501,30
48.545,27
43,97
0,00
9,89
48.535,38
24,48
10/05/2022
29/04/2024
30/06/2022
5,0000
19.641,19
19.658,06
16,87
0,00
3,79
19.654,27
9,91
total
1.097.699,98
1.099.041,51
1.341,53
0,00
301,74
1.098.739,77
502,21
saldo em 30/06/2022
10/05/2022
29/04/2024
 -
5,0000
79.482,36
79.550,65
68,29
0,00
15,36
79.535,29
40,10
26/05/2022
15/05/2024
 -
5,0000
15.692,58
15.701,60
9,02
0,00
2,02
15.699,58
7,91
11/05/2022
30/04/2024
 -
5,0000
7.019,11
7.024,97
5,86
0,00
1,31
7.023,66
3,54
12/05/2022
02/05/2024
 -
5,0000
74.031,01
74.091,12
60,11
0,00
13,52
74.077,60
37,36
13/05/2022
02/05/2024
 -
5,0000
6.333,96
6.338,95
4,99
0,00
1,12
6.337,83
3,20
16/05/2022
06/05/2024
 -
5,0000
18.021,12
18.034,90
13,78
0,00
3,10
18.031,80
9,10
18/05/2022
07/05/2024
 -
5,0000
2.374,98
2.376,68
1,70
0,00
0,38
2.376,30
1,20
30/05/2022
20/05/2024
 -
5,0000
2.687,53
2.688,94
1,41
0,00
0,31
2.688,63
1,35
31/05/2022
20/05/2024
 -
5,0000
48.014,85
48.039,07
24,22
0,00
5,44
48.033,63
24,22
02/06/2022
22/05/2024
 -
5,0000
15.692,60
15.699,77
7,17
0,43
1,51
15.697,83
7,17
03/06/2022
23/05/2024
 -
5,0000
9.359,81
9.363,86
4,05
0,40
0,82
9.362,64
4,05
06/06/2022
27/05/2024
 -
5,0000
47.012,60
47.031,86
19,26
3,85
3,46
47.024,55
19,26
07/06/2022
27/05/2024
 -
5,0000
28.494,15
28.505,15
11,00
2,53
1,90
28.500,72
11,00
08/06/2022
28/05/2024
 -
5,0000
282,55
282,65
0,10
0,02
0,01
282,62
0,10
09/06/2022
29/05/2024
 -
5,0000
50.817,53
50.834,75
17,22
5,16
2,71
50.826,88
17,22
10/06/2022
31/05/2024
 -
5,0000
55.091,44
55.108,80
17,36
5,72
2,61
55.100,47
17,36
13/06/2022
03/06/2024
 -
5,0000
6.758,39
6.760,36
1,97
0,84
0,25
6.759,27
1,97
14/06/2022
03/06/2024
 -
5,0000
11.896,99
11.900,17
3,18
1,46
0,38
11.898,33
3,18
15/06/2022
04/06/2024
 -
5,0000
14.554,94
14.558,49
3,55
1,77
0,40
14.556,32
3,55
21/06/2022
10/06/2024
 -
5,0000
9.271,40
9.272,99
1,59
1,11
0,10
9.271,78
1,59
22/06/2022
11/06/2024
 -
5,0000
240.994,07
241.029,52
35,45
25,87
2,15
241.001,50
35,45
23/06/2022
12/06/2024
 -
5,0000
1.872,00
1.872,22
0,22
0,16
0,01
1.872,05
0,22
24/06/2022
13/06/2024
 -
5,0000
66.175,60
66.182,09
6,49
5,19
0,29
66.176,61
6,49
27/06/2022
17/06/2024
 -
5,0000
11.447,35
11.448,19
0,84
0,75
0,02
11.447,42
0,84
total
823.378,92
823.697,75
318,83
55,26
59,18
823.583,31
257,43
* esse extrato poderá ser atualizado até o fim do dia. valores sujeitos a alterações.
 1) bradesco
