 
contamax empresarial » extrato de movimentação
 
seiva da natureza ltda
 agência: 3131
 conta corrente: 13-010217-7
 
 agosto 2022
data movimento
data da aplicação
nº da aplicação
aplicações r$
valor principal
resgatado r$ (1)
resgates brutos r$ (2)
rendimento total das aplicações
resgatadas
(base ir fonte/iof)
r$ (3)
iof
r$ (4)
ir
r$ (5)
valor líquido
creditado r$
01/08/2022
01/08/2022
00333131260027417449
989,21
0,00
0,00
0,00
0,00
0,00
0,00
02/08/2022
02/08/2022
00333131260027444780
1.386,98
0,00
0,00
0,00
0,00
0,00
0,00
03/08/2022
03/08/2022
00333131260027458257
878,77
0,00
0,00
0,00
0,00
0,00
0,00
04/08/2022
04/08/2022
00333131260027471021
939,24
0,00
0,00
0,00
0,00
0,00
0,00
05/08/2022
12/07/2022
00333131260027245770
0,00
168,44
168,46
0,02
0,00
0,00
168,46
05/08/2022
18/07/2022
00333131260027291874
0,00
1.599,94
1.600,16
0,22
-0,08
-0,03
1.600,05
05/08/2022
19/07/2022
00333131260027307711
0,00
215,80
215,83
0,03
-0,01
0,00
215,82
08/08/2022
08/08/2022
00333131260027517075
1.045,17
0,00
0,00
0,00
0,00
0,00
0,00
09/08/2022
09/08/2022
00333131260027535978
1.994,49
0,00
0,00
0,00
0,00
0,00
0,00
10/08/2022
19/07/2022
00333131260027307711
0,00
339,99
340,04
0,05
-0,01
0,00
340,03
10/08/2022
20/07/2022
00333131260027316771
0,00
571,29
571,37
0,08
-0,02
-0,01
571,34
10/08/2022
21/07/2022
00333131260027330601
0,00
509,13
509,20
0,07
-0,02
-0,01
509,17
10/08/2022
25/07/2022
00333131260027351026
0,00
387,92
387,96
0,04
-0,01
0,00
387,95
10/08/2022
26/07/2022
00333131260027365627
0,00
339,78
339,82
0,04
-0,02
0,00
339,80
11/08/2022
11/08/2022
00333131260027559231
1.729,61
0,00
0,00
0,00
0,00
0,00
0,00
12/08/2022
12/08/2022
00333131260027572146
1.501,63
0,00
0,00
0,00
0,00
0,00
0,00
15/08/2022
15/08/2022
00333131260027583926
2.092,15
0,00
0,00
0,00
0,00
0,00
0,00
16/08/2022
16/08/2022
00333131260027597905
1.265,68
0,00
0,00
0,00
0,00
0,00
0,00
17/08/2022
26/07/2022
00333131260027365627
0,00
757,61
757,73
0,12
-0,03
-0,02
757,68
17/08/2022
27/07/2022
00333131260027375781
0,00
575,54
575,62
0,08
-0,02
-0,01
575,59
17/08/2022
28/07/2022
00333131260027387287
0,00
819,48
819,59
0,11
-0,03
-0,01
819,55
17/08/2022
29/07/2022
00333131260027397657
0,00
1.213,27
1.213,42
0,15
-0,05
-0,02
1.213,35
17/08/2022
01/08/2022
00333131260027417449
0,00
989,21
989,32
0,11
-0,05
-0,01
989,26
 «5 santander
 intemet banking

17/08/2022
02/08/2022
00333131260027444780
0,00
1.386,98
1.387,13
0,15
-0,07
-0,01
1.387,05
17/08/2022
03/08/2022
00333131260027458257
0,00
123,60
123,62
0,02
-0,01
0,00
123,61
18/08/2022
18/08/2022
00333131260027617261
2.188,09
0,00
0,00
0,00
0,00
0,00
0,00
19/08/2022
19/08/2022
00333131260027629956
1.512,03
0,00
0,00
0,00
0,00
0,00
0,00
22/08/2022
22/08/2022
00333131260027641114
777,66
0,00
0,00
0,00
0,00
0,00
0,00
23/08/2022
23/08/2022
00333131260027655980
518,78
0,00
0,00
0,00
0,00
0,00
0,00
24/08/2022
03/08/2022
00333131260027458257
0,00
755,17
755,28
0,11
-0,03
-0,01
755,24
24/08/2022
04/08/2022
00333131260027471021
0,00
939,24
939,37
0,13
-0,04
-0,02
939,31
24/08/2022
08/08/2022
00333131260027517075
0,00
1.045,17
1.045,29
0,12
-0,05
-0,01
1.045,23
24/08/2022
09/08/2022
00333131260027535978
0,00
107,47
107,48
0,01
-0,01
0,00
107,47
25/08/2022
09/08/2022
00333131260027535978
0,00
1.887,02
1.887,25
0,23
-0,10
-0,02
1.887,13
25/08/2022
11/08/2022
00333131260027559231
0,00
341,86
341,89
0,03
-0,02
0,00
341,87
26/08/2022
26/08/2022
00333131260027691999
1.499,70
0,00
0,00
0,00
0,00
0,00
0,00
29/08/2022
29/08/2022
00333131260027703973
2.872,25
0,00
0,00
0,00
0,00
0,00
0,00
30/08/2022
30/08/2022
00333131260027719064
979,70
0,00
0,00
0,00
0,00
0,00
0,00
31/08/2022
31/08/2022
00333131260027730551
633,97
0,00
0,00
0,00
0,00
0,00
0,00
acumulado mês
24.805,11
15.073,91
15.075,83
1,92
-0,68
-0,19
15.074,96
(1) valor originalmente aplicado, antes do acréscimo de rendimentos. no caso de resgate total, corresponde exatamente ao valor da aplicação.
(2) valor resgatado acrescido dos rendimentos desde a data da aplicação.
(3) rendimentos brutos resgatados no mês, independente da data de aplicação, e que sofreram tributação de iof e ir na fonte.
(4) iof sobre o rendimento total das aplicações resgatadas, conforme legislação em vigor.
(5) ir sobre o rendimento total das aplicações resgatadas líquido de iof, conforme legislação em vigor.
central de atendimento santander empresarial
4004-2125 (regiões metropolitanas)
0800 726 2125 (demais localidades)
0800 723 5007 (pessoas com deficiência auditiva ou de fala)
sac - atendimento 24h por dia, todos os dias.
0800 762 7777
0800 771 0401 (pessoas com deficiência auditiva ou de fala)
ouvidoria - das 9h às 18h, de segunda a sexta-feira, exceto feriado.
0800 726 0322
0800 771 0301 (pessoas com deficiência auditiva ou de fala)
