análise da lucratividade de 01/04/2025 a 30/04/2025
página : 1
data:13/05/2025 14:25:57
usuário: aud
ferpar fidc np
 cv-dp,ch oe-ct, fd-dp,ch,agrupado por data - % horizontal
borderô cedente
%
c.ser
fator
prz título
op.
valor bruto desembolso
% vr.iof
rec.bruta
% comis.
impost
r.oper.
% c.oport.
r.líquido
%
7467/76alumipack industria de 
2,2
0,00/f
1,73/m
40
76
1
708.426,86
692.350,43
97,7
0,00
16.076,43
0,0
643,06
0,00 15.433,37
9.697,88
1,4
5.735,49
0,8
7468/4 alumipack industria de 
2,0
0,00/f
1,94/m
32
4
1
670.000,00
656.285,47
98,0
0,00
13.714,53
0,0
548,58
0,00 13.165,95
7.481,34
1,1
5.684,61
0,9
7469/21dm distribuidora de 
3,0
0,50/f
2,46/m
32
21
1
76.840,00
74.486,93
96,9
0,00
2.353,07
0,0
117,65
0,00
2.235,42
842,45
1,1
1.392,97
1,9
7465/21lps comercio e serviços 
5,1
0,55/f
2,67/m
47
21
1
121.635,28
115.604,31
95,0
0,00
6.030,97
0,1
180,93
0,00
5.850,04
1.933,77
1,6
3.916,27
3,5
7470/5 melplast industria de 
5,7
0,85/f
2,56/m
55
5
1
47.299,39
44.682,92
94,5
0,00
2.616,47
0,1
78,49
0,00
2.537,98
877,27
1,9
1.660,71
3,9
7466/2 nutriway foods 
2,7
0,00/f
2,30/m
37
2
1
100.000,00
97.262,50
97,3
0,00
2.737,50
0,0
82,12
0,00
2.655,38
1.255,80
1,3
1.399,58
1,5
1.724.201,53
1.680.672,56
0,00
43.528,97
1.650,83
0,00
19.789,63
1,2
sub-total: 01/04/2025
6
97,5
1,3
2,6
37
1,98
129
41.878,14
2,5
22.088,51
7472/1 cervejaria souza eireli
4,4
0,40/f
2,25/m
54
1
1
171.705,60
164.218,74
95,6
0,00
7.486,86
0,0
299,45
0,00
7.187,41
3.146,57
1,8
4.040,84
2,5
7471/4 melplast industria de 
5,2
0,50/f
2,56/m
54
4
1
31.941,33
30.306,37
94,9
0,00
1.634,96
0,1
49,05
0,00
1.585,91
575,27
1,8
1.010,64
3,5
203.646,93
194.525,11
0,00
9.121,82
348,50
0,00
5.051,48
2,7
sub-total: 02/04/2025
2
95,5
1,8
4,7
54
2,30
5
8.773,32
4,5
3.721,84
7463/1 marcas comercio ltda
5,0
1,00/f
2,88/m
41
1
1
78.327,36
74.523,96
95,1
0,00
3.803,40
0,1
114,10
0,00
3.689,30
1.081,70
1,4
2.607,60
3,6
7476/7 marcas comercio ltda
0,0
0,00/d
0,00/l
0
7
1
11.393,35
11.393,35 100,0
0,00
0,00
0,0
0,00
0,00
0,00
0,00
0,0
0,00
0,0
7474/28melplast industria de 
2,9
0,20/f
2,56/m
31
28
1
79.583,50
77.264,89
97,1
0,00
2.318,61
0,0
69,56
0,00
2.249,05
848,07
1,1
1.400,98
1,9
169.304,21
163.182,20
0,00
6.122,01
183,66
0,00
4.008,58
2,7
sub-total: 03/04/2025
3
96,4
1,1
4,0
36
2,74
36
5.938,35
3,9
1.929,77
7478/2 alps fomento mercantil 
2,8
0,20/f
2,25/m
33
2
1
16.000,00
15.556,44
97,2
0,00
443,56
0,0
13,31
0,00
430,25
178,72
1,1
251,53
1,6
7479/4 alps fomento mercantil 
3,1
0,00/f
2,25/m
43
4
1
181.518,06
175.819,12
96,9
0,00
5.698,94
0,0
170,97
0,00
5.527,97
2.650,57
1,5
2.877,40
1,7
7480/1 alps fomento mercantil 
0,0
0,00/d
0,00/l
0
1
1
8.500,00
8.500,00 100,0
0,00
0,00
0,0
0,00
0,00
0,00
0,00
0,0
0,00
0,0
7481/3 alps fomento mercantil 
3,7
0,10/f
2,25/m
48
3
1
103.526,81
99.739,88
96,3
0,00
3.786,93
0,0
113,61
0,00
3.673,32
1.701,78
1,6
1.971,54
2,0
7477/21perfilgerais  ind com de 
5,2
0,05/f
1,78/m
85
21
1
295.322,49
280.400,61
94,9
0,00
14.921,88
0,1
447,66
0,00 14.474,22
8.513,83
2,9
5.960,39
2,2
7473/1 rc passos construcoes 
4,2
0,50/f
3,52/m
32
1
1
29.495,51
28.273,33
95,9
0,00
1.222,18
0,0
36,67
0,00
1.185,51
319,79
1,1
865,72
3,2
634.362,87
608.289,38
0,00
26.073,49
782,22
0,00
11.926,58
2,0
sub-total: 04/04/2025
6
95,9
2,1
4,4
63
1,98
32
25.291,27
4,2
13.364,69
7486/36dm distribuidora de 
3,1
0,50/f
2,46/m
33
36
1
81.715,00
79.149,48
96,9
0,00
2.565,52
0,0
128,28
0,00
2.437,24
922,64
1,1
1.514,60
2,0
7485/1 marcas comercio ltda
4,9
0,50/f
2,88/m
42
143
1
95.493,01
90.885,38
95,2
0,00
4.607,63
0,1
138,23
0,00
4.469,40
1.339,12
1,4
3.130,28
3,6
7487/2 marcas comercio ltda
0,0
0,00/d
0,00/l
0
2
1
1.234,36
1.234,36 100,0
0,00
0,00
0,0
0,00
0,00
0,00
0,00
0,0
0,00
0,0
7484/8 melplast industria de 
1,1
0,20/f
2,56/m
11
8
1
205.379,04
203.114,52
98,9
0,00
2.264,52
0,0
67,94
0,00
2.196,58
750,97
0,4
1.445,61
0,7
7482/39wm distribuidora de 
2,5
0,50/f
2,30/m
27
39
1
74.301,80
72.429,87
97,5
0,00
1.871,93
0,0
93,60
0,00
1.778,33
687,83
0,9
1.090,50
1,5
7483/29wm distribuidora de 
2,6
0,50/f
2,41/m
27
29
1
36.246,81
35.297,25
97,4
0,00
949,56
0,0
47,48
0,00
902,08
336,89
0,9
565,19
1,6
análise da lucratividade de 01/04/2025 a 30/04/2025
página : 2
data:13/05/2025 14:25:58
usuário: aud
ferpar fidc np
 cv-dp,ch oe-ct, fd-dp,ch,agrupado por data - % horizontal
borderô cedente
%
c.ser
fator
prz título
op.
valor bruto desembolso
% vr.iof
rec.bruta
% comis.
impost
r.oper.
% c.oport.
r.líquido
%
494.370,02
482.110,86
0,00
12.259,16
475,53
0,00
7.746,18
1,6
sub-total: 07/04/2025
6
97,5
0,8
2,6
24
2,59
257
11.783,63
2,5
4.037,45
7488/16dm distribuidora de 
2,1
0,50/f
2,46/m
21
16
1
22.177,00
21.692,74
97,8
0,00
484,26
0,0
24,21
0,00
460,05
160,58
0,7
299,47
1,4
7489/27melplast industria de 
3,8
0,20/f
2,56/m
41
27
1
100.896,68
97.111,46
96,2
0,00
3.785,22
0,0
113,56
0,00
3.671,66
1.426,12
1,4
2.245,54
2,4
123.073,68
118.804,20
0,00
4.269,48
137,77
0,00
2.545,01
2,2
sub-total: 08/04/2025
2
96,5
1,3
3,6
38
2,55
43
4.131,71
3,5
1.586,70
7492/1 alumipack industria de 
1,8
0,00/f
1,73/m
33
105
1
815.087,10
799.760,23
98,1
0,00
15.326,87
0,0
613,07
0,00 14.713,80
9.223,21
1,1
5.490,59
0,7
7493/5 alumipack industria de 
1,9
0,00/f
1,94/m
31
5
1
770.000,00
754.946,23
98,0
0,00
15.053,77
0,0
602,15
0,00 14.451,62
8.216,99
1,1
6.234,63
0,8
7491/3 melplast industria de 
4,9
0,50/f
2,56/m
51
3
1
75.719,87
72.070,24
95,2
0,00
3.649,63
0,1
109,49
0,00
3.540,14
1.313,55
1,7
2.226,59
3,2
7490/18perfilgerais  ind com de 
4,4
0,10/f
1,78/m
72
18
1
251.821,09
240.798,38
95,6
0,00
11.022,71
0,0
330,68
0,00 10.692,03
6.213,64
2,5
4.478,39
1,9
1.912.628,06
1.867.575,08
0,00
45.052,98
1.655,39
0,00
18.430,20
1,0
sub-total: 09/04/2025
4
97,6
1,3
2,4
38
1,85
131
43.397,59
2,3
24.967,39
7495/6 carvalho e santos 
3,4
0,50/f
2,56/m
33
6
1
30.146,65
29.114,21
96,6
0,00
1.032,44
0,0
30,97
0,00
1.001,47
340,68
1,1
660,79
2,3
7496/6 carvalho e santos 
3,6
0,50/f
2,56/m
35
6
1
28.354,40
27.329,80
96,4
0,00
1.024,60
0,0
30,74
0,00
993,86
340,59
1,2
653,27
2,5
7500/13dm distribuidora de 
2,5
0,50/f
2,46/m
26
13
1
31.176,00
30.367,26
97,4
0,00
808,74
0,0
40,44
0,00
768,30
280,13
0,9
488,17
1,6
7497/15laboratorios osorio de 
5,5
0,60/f
2,56/m
56
15
1
119.126,15
112.751,04
94,6
0,00
6.375,11
0,1
191,25
0,00
6.183,86
2.255,91
1,9
3.927,95
3,6
7499/2 melplast industria de 
3,5
0,50/f
2,56/m
35
2
1
30.533,78
29.469,66
96,5
0,00
1.064,12
0,0
31,92
0,00
1.032,20
362,80
1,2
669,40
2,3
7501/9 rr de carvalho 
3,9
0,50/f
2,56/m
39
9
1
48.729,10
46.862,21
96,2
0,00
1.866,89
0,0
54,60
0,00
1.812,29
643,71
1,3
1.168,58
2,6
7498/1 tnt rental e services
7,0
0,70/f
2,88/m
64
1
1
92.381,00
86.193,30
93,3
0,00
6.187,70
0,1
185,63
0,00
6.002,07
1.960,83
2,1
4.041,24
4,9
7494/38wm distribuidora de 
2,8
0,50/f
2,35/m
30
38
1
47.750,50
46.397,31
97,2
0,00
1.353,19
0,0
67,66
0,00
1.285,53
498,71
1,0
786,82
1,7
428.197,58
408.484,79
0,00
19.712,79
633,21
0,00
12.396,22
3,1
sub-total: 10/04/2025
8
95,4
1,6
4,8
46
2,64
90
19.079,58
4,7
6.683,36
7505/46alumipack industria de 
2,3
0,00/f
1,73/m
40
46
1
379.793,39
371.057,91
97,7
0,00
8.735,48
0,0
349,42
0,00
8.386,06
5.256,44
1,4
3.129,62
0,9
7507/3 alumipack industria de 
2,1
0,00/f
1,94/m
34
3
1
358.000,00
350.265,73
97,8
0,00
7.734,27
0,0
309,37
0,00
7.424,90
4.210,13
1,2
3.214,77
0,9
7508/2 alumipack industria de 
0,0
0,00/d
0,00/l
0
2
1
15.925,80
15.925,80 100,0
0,00
0,00
0,0
0,00
0,00
0,00
0,00
0,0
0,00
0,0
7504/3 melplast industria de 
3,9
0,50/f
2,56/m
40
3
1
30.957,79
29.753,51
96,1
0,00
1.204,28
0,0
36,13
0,00
1.168,15
416,70
1,3
751,45
2,6
7506/6 moinho de trigo jm eirelli
4,5
0,50/f
2,88/m
42
6
1
348.000,00
332.557,86
95,6
0,00
15.442,14
0,0
461,79
0,00 14.980,35
4.949,81
1,4 10.030,54
3,1
7502/2 petra agronegocio ltda
8,4
0,50/f
2,51/m
91
2
1
102.600,00
94.424,19
92,0
0,00
8.175,81
0,1
245,27
0,00
7.930,54
3.084,40
3,0
4.846,14
5,4
1.235.276,98
1.193.985,00
0,00
41.291,98
1.401,98
0,00
21.972,52
1,9
sub-total: 11/04/2025
6
96,7
1,5
3,5
43
2,25
62
39.890,00
3,4
17.917,48
7503/18carvalho e santos 
3,0
0,25/f
2,56/m
32
18
1
96.543,65
93.679,42
97,0
0,00
2.864,23
0,0
85,93
0,00
2.778,30
1.057,95
1,1
1.720,35
1,9
7512/5 cervejaria souza eireli
4,9
0,45/f
2,46/m
55
5
1
411.986,70
392.029,20
95,2
0,00
19.957,50
0,1
798,20
0,00 19.159,30
7.640,82
1,9 11.518,48
3,0
análise da lucratividade de 01/04/2025 a 30/04/2025
página : 3
data:13/05/2025 14:25:59
usuário: aud
ferpar fidc np
 cv-dp,ch oe-ct, fd-dp,ch,agrupado por data - % horizontal
borderô cedente
%
c.ser
fator
prz título
op.
valor bruto desembolso
% vr.iof
rec.bruta
% comis.
impost
r.oper.
% c.oport.
r.líquido
%
7514/31dm distribuidora de 
2,0
0,50/f
2,46/m
20
31
1
49.144,00
48.126,45
97,9
0,00
1.017,55
0,0
50,88
0,00
966,67
332,03
0,7
634,64
1,3
7509/31mar rio industria e 
3,2
0,50/f
2,88/m
28
31
1
120.938,10
117.071,56
96,8
0,00
3.866,54
0,0
116,00
0,00
3.750,54
1.157,43
1,0
2.593,11
2,3
7511/4 melplast industria de 
4,1
0,50/f
2,56/m
42
4
1
147.792,89
141.854,99
96,0
0,00
5.937,90
0,0
178,14
0,00
5.759,76
2.107,37
1,4
3.652,39
2,6
7515/1 melplast industria de 
2,0
0,25/f
2,56/m
21
1
1
100.000,00
97.970,57
98,0
0,00
2.029,43
0,0
60,88
0,00
1.968,55
725,79
0,7
1.242,76
1,3
7510/5 moinho de trigo jm eirelli
4,6
0,50/f
2,88/m
43
5
1
150.000,00
143.202,12
95,5
0,00
6.797,88
0,0
203,11
0,00
6.594,77
2.180,70
1,5
4.414,07
3,2
7513/4 nutriway foods 
2,8
0,50/f
1,73/m
41
4
1
35.389,77
34.396,61
97,2
0,00
993,16
0,0
29,79
0,00
963,37
493,13
1,4
470,24
1,4
1.111.795,11
1.068.330,92
0,00
43.464,19
1.522,93
0,00
26.246,04
2,5
sub-total: 14/04/2025
8
96,1
1,4
4,1
42
2,55
99
41.941,26
3,9
15.695,22
7522/2 alps fomento mercantil 
2,3
0,00/f
2,25/m
30
2
1
48.730,00
47.625,11
97,7
0,00
1.104,89
0,0
33,15
0,00
1.071,74
507,96
1,0
563,78
1,2
7525/2 alps fomento mercantil 
0,0
0,00/d
0,00/l
0
2
1
10.046,08
10.046,08 100,0
0,00
0,00
0,0
0,00
0,00
0,00
0,00
0,0
0,00
0,0
7521/91alumipack industria de 
2,1
0,00/f
1,73/m
37
91
1
519.316,13
508.222,98
97,9
0,00
11.093,15
0,0
443,73
0,00 10.649,42
6.640,44
1,3
4.008,98
0,8
7526/3 alumipack industria de 
2,2
0,00/f
1,94/m
35
3
1
490.000,00
479.086,40
97,8
0,00
10.913,60
0,0
436,54
0,00 10.477,06
5.943,83
1,2
4.533,23
1,0
7519/16dm distribuidora de 
3,3
0,50/f
2,56/m
35
16
1
64.979,00
62.784,13
96,6
0,00
2.194,87
0,0
109,74
0,00
2.085,13
766,15
1,2
1.318,98
2,2
7535/1 joran participacoes e 
1,3
0,00/f
1,24/m
31
1
1
373.767,32
369.015,49
98,7
0,00
4.751,83
0,0
142,55
0,00
4.609,28
4.042,66
1,1
566,62
0,2
7523/41marcas comercio ltda
5,1
0,50/f
2,88/m
45
41
1
49.209,34
46.739,79
95,0
0,00
2.469,55
0,1
74,09
0,00
2.395,46
753,01
1,5
1.642,45
3,6
7524/4 marcas comercio ltda
0,0
0,00/d
0,00/l
0
4
1
14.589,65
14.589,65 100,0
0,00
0,00
0,0
0,00
0,00
0,00
0,00
0,0
0,00
0,0
7517/10martplast comercio de 
3,3
0,35/f
2,56/m
34
10
1
117.114,46
113.306,74
96,7
0,00
3.807,72
0,0
112,97
0,00
3.694,75
1.377,29
1,2
2.317,46
2,1
7518/17melplast industria de 
4,5
0,50/f
2,88/m
41
17
1
102.902,18
98.345,72
95,6
0,00
4.556,46
0,0
136,69
0,00
4.419,77
1.444,53
1,4
2.975,24
3,1
1.790.654,16
1.749.762,09
0,00
40.892,07
1.489,46
0,00
17.926,74
1,1
sub-total: 15/04/2025
10
97,7
1,2
2,4
35
1,91
187
39.402,61
2,3
21.475,87
7533/4 alps fomento mercantil 
2,1
0,00/f
2,25/m
28
4
1
67.544,50
66.113,74
97,9
0,00
1.430,76
0,0
42,92
0,00
1.387,84
659,05
1,0
728,79
1,1
7536/40alumipack industria de 
2,2
0,00/f
1,73/m
38
40
1
339.166,02
331.512,78
97,7
0,00
7.653,24
0,0
306,13
0,00
7.347,11
4.409,16
1,3
2.937,95
0,9
7537/2 alumipack industria de 
2,3
0,00/f
1,94/m
37
2
1
315.000,00
307.689,10
97,7
0,00
7.310,90
0,0
292,44
0,00
7.018,46
3.975,32
1,3
3.043,14
1,0
7538/3 alumipack industria de 
0,0
0,00/d
0,00/l
0
3
1
6.175,72
6.175,72 100,0
0,00
0,00
0,0
0,00
0,00
0,00
0,00
0,0
0,00
0,0
7516/6 lps comercio e serviços 
7,9
0,75/f
2,56/m
81
6
1
52.823,40
48.850,45
92,5
0,00
3.972,95
0,1
119,19
0,00
3.853,76
1.401,90
2,7
2.451,86
5,3
7528/2 lps comercio e serviços 
0,0
0,00/d
0,00/l
0
2
1
3.136,91
3.136,91 100,0
0,00
0,00
0,0
0,00
0,00
0,00
0,00
0,0
0,00
0,0
7532/3 melplast industria de 
3,2
0,30/f
2,56/m
34
3
1
103.374,39
100.105,96
96,8
0,00
3.268,43
0,0
98,05
0,00
3.170,38
1.203,45
1,2
1.966,93
2,0
7527/22wm distribuidora de 
2,1
0,30/f
2,04/m
28
22
1
34.797,60
34.036,94
97,8
0,00
760,66
0,0
38,03
0,00
722,63
339,85
1,0
382,78
1,1
7530/1 wm distribuidora de 
0,0
0,00/d
0,00/l
0
1
1
1.290,63
1.290,63 100,0
0,00
0,00
0,0
0,00
0,00
0,00
0,00
0,0
0,00
0,0
análise da lucratividade de 01/04/2025 a 30/04/2025
página : 4
data:13/05/2025 14:26:00
usuário: aud
ferpar fidc np
 cv-dp,ch oe-ct, fd-dp,ch,agrupado por data - % horizontal
borderô cedente
%
c.ser
fator
prz título
op.
valor bruto desembolso
% vr.iof
rec.bruta
% comis.
impost
r.oper.
% c.oport.
r.líquido
%
923.309,17
898.912,23
0,00
24.396,94
896,76
0,00
11.511,45
1,3
sub-total: 16/04/2025
9
97,4
1,3
2,8
38
2,02
83
23.500,18
2,7
11.988,73
7549/13alps fomento mercantil 
4,4
0,00/f
2,25/m
56
13
1
30.351,06
29.048,90
95,7
0,00
1.302,16
0,0
39,06
0,00
1.263,10
575,89
1,9
687,21
2,4
7542/24alumipack industria de 
2,3
0,00/f
1,73/m
40
24
1
230.417,73
225.124,56
97,7
0,00
5.293,17
0,0
211,73
0,00
5.081,44
3.184,28
1,4
1.897,16
0,9
7544/2 alumipack industria de 
2,5
0,00/f
1,94/m
40
2
1
210.000,00
204.722,10
97,5
0,00
5.277,90
0,0
211,12
0,00
5.066,78
2.862,02
1,4
2.204,76
1,1
7545/1 alumipack industria de 
0,0
0,00/d
0,00/l
0
1
1
3.594,00
3.594,00 100,0
0,00
0,00
0,0
0,00
0,00
0,00
0,00
0,0
0,00
0,0
7534/16mar rio industria e 
3,2
0,50/f
2,88/m
28
16
1
118.148,15
114.424,42
96,8
0,00
3.723,73
0,0
111,71
0,00
3.612,02
1.124,70
1,0
2.487,32
2,2
7540/4 marcas comercio ltda
5,6
0,75/f
2,99/m
48
4
1
202.700,30
191.699,47
94,6
0,00
11.000,83
0,1
330,02
0,00 10.670,81
3.276,97
1,6
7.393,84
4,0
7547/3 marcas comercio ltda
0,0
0,00/d
0,00/l
0
3
1
2.250,75
2.250,75 100,0
0,00
0,00
0,0
0,00
0,00
0,00
0,00
0,0
0,00
0,0
7543/7 melplast industria de 
4,0
0,35/f
2,56/m
43
7
1
85.834,47
82.424,65
96,0
0,00
3.409,82
0,0
102,29
0,00
3.307,53
1.252,57
1,5
2.054,96
2,6
7548/19nutriway foods 
2,0
0,40/f
1,73/m
29
19
1
84.741,25
83.012,00
98,0
0,00
1.729,25
0,0
51,88
0,00
1.677,37
848,39
1,0
828,98
1,0
7541/1 rc passos construcoes 
2,5
0,50/f
3,31/m
19
1
1
85.319,68
83.148,64
97,5
0,00
2.171,04
0,0
65,13
0,00
2.105,91
557,12
0,7
1.548,79
1,9
7539/38wm distribuidora de 
2,6
0,50/f
2,04/m
32
38
1
50.954,80
49.596,78
97,3
0,00
1.358,02
0,0
67,90
0,00
1.290,12
569,16
1,1
720,96
1,5
1.104.312,19
1.069.046,27
0,00
35.265,92
1.190,84
0,00
19.823,98
1,9
sub-total: 17/04/2025
11
96,8
1,3
3,3
38
2,31
128
34.075,08
3,2
14.251,10
7552/2 alps fomento mercantil 
2,1
0,00/f
2,25/m
29
2
1
53.824,93
52.669,44
97,9
0,00
1.155,49
0,0
34,66
0,00
1.120,83
532,12
1,0
588,71
1,1
7555/8 alps fomento mercantil 
5,6
0,35/f
2,25/m
69
8
1
124.252,00
117.505,61
94,6
0,00
6.746,39
0,1
202,39
0,00
6.544,00
2.877,24
2,3
3.666,76
3,2
7556/1 alps fomento mercantil 
0,0
0,00/d
0,00/l
0
1
1
1.585,62
1.585,62 100,0
0,00
0,00
0,0
0,00
0,00
0,00
0,00
0,0
0,00
0,0
7557/43alps fomento mercantil 
5,7
0,50/f
2,25/m
68
43
1
258.986,93
244.547,65
94,4
0,00
14.439,28
0,1
433,18
0,00 14.006,10
5.952,46
2,3
8.053,64
3,4
7558/24dm distribuidora de 
2,8
0,50/f
2,41/m
30
24
1
105.609,00
102.605,58
97,2
0,00
3.003,42
0,0
150,17
0,00
2.853,25
1.083,99
1,0
1.769,26
1,8
7554/9 melplast industria de 
4,4
0,35/f
2,88/m
42
9
1
98.746,12
94.492,44
95,7
0,00
4.253,68
0,0
127,61
0,00
4.126,07
1.402,19
1,4
2.723,88
3,0
7561/23nutriway foods 
2,1
0,00/f
1,97/m
33
23
1
138.497,19
135.544,85
97,9
0,00
2.952,34
0,0
88,57
0,00
2.863,77
1.587,27
1,1
1.276,50
1,0
7553/8 perfilgerais  ind com de 
4,8
0,15/f
1,78/m
77
8
1
198.408,89
189.056,68
95,3
0,00
9.352,21
0,0
280,57
0,00
9.071,64
5.218,67
2,6
3.852,97
2,1
7550/79wm distribuidora de 
2,9
0,30/f
2,04/m
40
79
1
166.139,68
161.220,47
97,0
0,00
4.919,21
0,0
245,96
0,00
4.673,25
2.276,58
1,4
2.396,67
1,5
7551/20wm distribuidora de 
2,4
0,50/f
2,30/m
26
20
1
35.185,80
34.317,30
97,5
0,00
868,50
0,0
43,42
0,00
825,08
317,72
0,9
507,36
1,5
7560/4 wm distribuidora de 
0,0
0,00/d
0,00/l
0
4
1
4.579,69
4.579,69 100,0
0,00
0,00
0,0
0,00
0,00
0,00
0,00
0,0
0,00
0,0
1.185.815,85
1.138.125,33
0,00
47.690,52
1.606,53
0,00
24.835,75
2,2
sub-total: 22/04/2025
11
96,0
1,8
4,2
53
2,14
221
46.083,99
4,1
21.248,24
7565/2 alps fomento mercantil 
4,5
0,25/f
2,25/m
55
2
1
19.000,00
18.156,16
95,6
0,00
843,84
0,0
25,32
0,00
818,52
354,39
1,9
464,13
2,6
7563/4 melplast industria de 
3,5
0,40/f
2,56/m
36
4
1
32.220,00
31.093,27
96,5
0,00
1.126,73
0,0
33,80
0,00
1.092,93
395,92
1,2
697,01
2,3
análise da lucratividade de 01/04/2025 a 30/04/2025
página : 5
data:13/05/2025 14:26:01
usuário: aud
ferpar fidc np
 cv-dp,ch oe-ct, fd-dp,ch,agrupado por data - % horizontal
borderô cedente
%
c.ser
fator
prz título
op.
valor bruto desembolso
% vr.iof
rec.bruta
% comis.
impost
r.oper.
% c.oport.
r.líquido
%
7564/13mogitrans logística e 
4,9
0,50/f
2,67/m
50
13
1
30.347,89
28.879,06
95,2
0,00
1.468,83
0,1
44,06
0,00
1.424,77
512,72
1,7
912,05
3,3
7562/10perfilgerais  ind com de 
3,3
0,20/f
1,78/m
52
10
1
240.081,13
232.269,23
96,7
0,00
7.811,90
0,0
234,36
0,00
7.577,54
4.268,77
1,8
3.308,77
1,5
321.649,02
310.397,72
0,00
11.251,30
337,54
0,00
5.381,96
1,8
sub-total: 23/04/2025
4
96,5
1,7
3,6
50
1,95
29
10.913,76
3,5
5.531,80
7568/9 melplast industria de 
5,1
0,50/f
2,56/m
53
9
1
39.115,95
37.157,06
95,0
0,00
1.958,89
0,1
58,77
0,00
1.900,12
694,75
1,8
1.205,37
3,4
7566/4 paco mineração 
2,9
0,50/f
2,77/m
26
4
1
31.300,00
30.397,84
97,1
0,00
902,16
0,0
27,06
0,00
875,10
273,68
0,9
601,42
2,0
70.415,95
67.554,90
0,00
2.861,05
85,83
0,00
1.806,79
2,8
sub-total: 24/04/2025
2
95,9
1,4
4,2
41
2,63
13
2.775,22
4,1
968,43
7572/1 alumipack industria de 
2,3
0,00/f
1,73/m
40
148
1
772.164,04
754.119,18
97,7
0,00
18.044,86
0,0
721,79
0,00 17.323,07
10.796,95
1,4
6.526,12
0,9
7573/5 alumipack industria de 
2,2
0,00/f
1,94/m
36
5
1
734.000,00
717.323,73
97,7
0,00
16.676,27
0,0
667,05
0,00 16.009,22
9.084,60
1,2
6.924,62
1,0
7574/83marcas comercio ltda
4,6
0,50/f
2,83/m
40
83
1
64.507,25
61.579,16
95,5
0,00
2.928,09
0,0
87,84
0,00
2.840,25
867,19
1,3
1.973,06
3,3
7575/2 marcas comercio ltda
0,0
0,00/d
0,00/l
0
2
1
1.047,50
1.047,50 100,0
0,00
0,00
0,0
0,00
0,00
0,00
0,00
0,0
0,00
0,0
7571/11melplast industria de 
3,6
0,50/f
2,56/m
36
11
1
86.766,44
83.675,19
96,4
0,00
3.091,25
0,0
92,74
0,00
2.998,51
1.066,59
1,2
1.931,92
2,4
7569/14moinho de trigo jm eirelli
8,1
0,75/f
2,88/m
74
14
1
420.000,00
387.633,00
92,3
0,00
32.367,00
0,1
969,78
0,00 31.397,22
10.274,16
2,4 21.123,06
5,8
7570/2 petra agronegocio ltda
3,6
0,50/f
2,51/m
38
2
1
123.802,00
119.341,00
96,4
0,00
4.461,00
0,0
133,83
0,00
4.327,17
1.604,61
1,3
2.722,56
2,3
2.202.287,23
2.124.718,76
0,00
77.568,47
2.673,03
0,00
41.201,34
2,0
sub-total: 25/04/2025
7
96,5
1,5
3,7
45
2,23
265
74.895,44
3,5
33.694,10
7578/28dm distribuidora de 
2,7
0,50/f
2,46/m
28
28
1
100.134,00
97.365,44
97,2
0,00
2.768,56
0,0
138,43
0,00
2.630,13
972,26
1,0
1.657,87
1,7
7577/6 melplast industria de 
4,4
0,60/f
2,56/m
45
6
1
200.651,37
191.932,10
95,7
0,00
8.719,27
0,0
261,58
0,00
8.457,69
3.040,76
1,5
5.416,93
2,9
7576/11moinho de trigo jm eirelli
7,3
0,70/f
2,88/m
67
11
1
310.000,00
288.329,28
93,0
0,00
21.670,72
0,1
649,03
0,00 21.021,69
6.898,66
2,2 14.123,03
5,2
610.785,37
577.626,82
0,00
33.158,55
1.049,04
0,00
21.197,83
3,8
sub-total: 28/04/2025
3
94,6
1,8
5,7
53
2,75
45
32.109,51
5,6
10.911,68
7586/64alumipack industria de 
1,9
0,00/f
1,73/m
33
64
1
354.820,73
348.027,75
98,1
0,00
6.792,98
0,0
271,72
0,00
6.521,26
4.056,82
1,1
2.464,44
0,7
7587/2 alumipack industria de 
2,3
0,00/f
1,94/m
37
2
1
300.000,00
293.040,60
97,7
0,00
6.959,40
0,0
278,38
0,00
6.681,02
3.783,57
1,3
2.897,45
1,0
7588/12alumipack industria de 
0,0
0,00/d
0,00/l
0
12
1
10.585,11
10.585,11 100,0
0,00
0,00
0,0
0,00
0,00
0,00
0,00
0,0
0,00
0,0
7585/18dm distribuidora de 
3,0
0,50/f
2,50/m
32
18
1
59.316,00
57.492,29
96,9
0,00
1.823,71
0,0
91,19
0,00
1.732,52
642,90
1,1
1.089,62
1,9
7583/18lps comercio e serviços 
6,5
0,50/f
2,77/m
63
18
1
56.394,78
52.876,54
93,8
0,00
3.518,24
0,1
105,55
0,00
3.412,69
1.176,02
2,1
2.236,67
4,4
7584/5 lps comercio e serviços 
0,0
0,00/d
0,00/l
0
5
1
9.782,23
9.782,23 100,0
0,00
0,00
0,0
0,00
0,00
0,00
0,00
0,0
0,00
0,0
7589/12melplast industria de 
4,0
0,60/f
2,56/m
40
12
1
83.406,30
80.092,76
96,0
0,00
3.313,54
0,0
99,41
0,00
3.214,13
1.125,39
1,3
2.088,74
2,7
7580/16wm distribuidora de 
2,7
0,50/f
2,46/m
28
16
1
29.276,30
28.468,17
97,2
0,00
808,13
0,0
40,41
0,00
767,72
283,87
1,0
483,85
1,7
903.581,45
880.365,45
0,00
23.216,00
886,66
0,00
11.260,77
1,3
sub-total: 29/04/2025
8
97,4
1,2
2,7
36
2,06
147
22.329,34
2,6
11.068,57
