5115 - contas a pagar - pagamentos efetuados
empresa:  multi-valor 1
data inicial:  igual a 01/04/2025
data final:  igual a 30/04/2025
versão 10
financeiro/contas a pagar
05/05/2025 15:14:34
título
parcela data
vencimento
vl. parcela
vl.
juros
vl.
multa
vl. total
vl. total
pago
vl. total
pendent
e
data pagamento
observação
super martins
forma de
pagamento
bradesco
fornecedor
a h bras industria
11513
2 04/04/2025
809,52
0,00
0,00
809,52
809,52
0,00 03/04/2025
11653
1 13/04/2025
630,52
0,00
0,00
630,52
630,52
0,00 14/04/2025
1.440,04
0,00
0,00
1.440,04
1.440,04
0,00
fornecedor
alma distribuicao e logistica ltda
4847
1 09/04/2025
285,68
0,00
0,00
285,68
285,68
0,00 09/04/2025
285,68
0,00
0,00
285,68
285,68
0,00
fornecedor
angelo auricchio companhia ltda
533630
2 28/04/2025
2.299,02
0,00
0,00
2.299,02
2.299,02
0,00 28/04/2025
2.299,02
0,00
0,00
2.299,02
2.299,02
0,00
fornecedor
armazem mateus s.a. - cd87
9591738
1 01/04/2025
379,00
0,00
0,00
379,00
379,00
0,00 01/04/2025
9686626
1 14/04/2025
712,47
0,00
0,00
712,47
712,47
0,00 14/04/2025
9701211
1 16/04/2025
781,69
0,00
0,00
781,69
781,69
0,00 16/04/2025
1.873,16
0,00
0,00
1.873,16
1.873,16
0,00
fornecedor
atacadao s.a.
1727375
1 09/04/2025
4.434,00
0,00
0,00
4.434,00
4.434,00
0,00 09/04/2025
1727376
1 16/04/2025
4.877,40
0,00
0,00
4.877,40
4.877,40
0,00 16/04/2025
9.311,40
0,00
0,00
9.311,40
9.311,40
0,00
fornecedor
basilio e rios ltda
601583
3 12/04/2025
1.252,76
0,00
0,00
1.252,76
1.252,76
0,00 14/04/2025
1.252,76
0,00
0,00
1.252,76
1.252,76
0,00
fornecedor
brf s.a.
452976
3 04/04/2025
856,99
0,00
0,00
856,99
856,99
0,00 03/04/2025
454151
2 04/04/2025
617,95
0,00
0,00
617,95
617,95
0,00 03/04/2025
455472
3 18/04/2025
766,88
0,00
0,00
766,88
766,88
0,00 17/04/2025
457182
1 14/04/2025
677,85
0,00
0,00
677,85
677,85
0,00 14/04/2025
2.919,67
0,00
0,00
2.919,67
2.919,67
0,00
fornecedor
cafe rancheiro agro industrial ltda
56218
2 01/04/2025
1.654,15
0,00
0,00
1.654,15
1.654,15
0,00 01/04/2025
56218
3 08/04/2025
1.654,15
0,00
0,00
1.654,15
1.654,15
0,00 08/04/2025
3.308,30
0,00
0,00
3.308,30
3.308,30
0,00
fornecedor
caixa econômica federal
125041
1 22/04/2025
957,11
0,00
0,00
957,11
957,11
0,00 22/04/2025
1250415
65
1 17/04/2025
2.196,85
0,00
0,00
2.196,85
2.196,85
0,00 17/04/2025
3.153,96
0,00
0,00
3.153,96
3.153,96
0,00
fornecedo
camil alimentos s/a
null
informação confidencial
página 1 de 13
título
parcela data
vencimento
vl. parcela
vl.
juros
vl.
multa
vl. total
vl. total
pago
vl. total
pendent
e
data pagamento
observação
r
58249
1 11/04/2025
2.679,79
0,00
0,00
2.679,79
2.679,79
0,00 10/04/2025
58249
3 25/04/2025
2.622,12
0,00
0,00
2.622,12
2.622,12
0,00 24/04/2025
5.301,91
0,00
0,00
5.301,91
5.301,91
0,00
fornecedor
cardoso transporte e distribuicao ltda
1051191
2 07/04/2025
911,08
0,00
0,00
911,08
911,08
0,00 07/04/2025
1054378
1 07/04/2025
1.021,39
0,00
0,00
1.021,39
1.021,39
0,00 07/04/2025
1054378
2 14/04/2025
1.021,39
0,00
0,00
1.021,39
1.021,39
0,00 14/04/2025
1057478
1 17/04/2025
1.503,49
0,00
0,00
1.503,49
1.503,49
0,00 17/04/2025
1060828
2 28/04/2025
2.997,40
0,00
0,00
2.997,40
2.997,40
0,00 28/04/2025
1064323
1 28/04/2025
1.640,75
0,00
0,00
1.640,75
1.640,75
0,00 28/04/2025
9.095,50
0,00
0,00
9.095,50
9.095,50
0,00
fornecedor
cavalcante comercio varejista de der. de petroleo eireli epp
31594
1 26/04/2025
456,30
0,00
0,00
456,30
456,30
0,00 25/04/2025
456,30
0,00
0,00
456,30
456,30
0,00
fornecedor
cemar transp e distrib de beb ltda
800026
1 03/04/2025
2.469,64
0,00
0,00
2.469,64
2.469,64
0,00 03/04/2025
800027
1 03/04/2025
200,70
0,00
0,00
200,70
200,70
0,00 03/04/2025
802469
1 17/04/2025
2.646,61
0,00
0,00
2.646,61
2.646,61
0,00 17/04/2025
802470
1 17/04/2025
1.552,13
0,00
0,00
1.552,13
1.552,13
0,00 17/04/2025
6.869,08
0,00
0,00
6.869,08
6.869,08
0,00
fornecedor
cia canoinhas de papel
983753
1 16/04/2025
1.342,32
0,00
0,00
1.342,32
1.342,32
0,00 16/04/2025
983753
3 30/04/2025
1.342,31
0,00
0,00
1.342,31
1.342,31
0,00 30/04/2025
2.684,63
0,00
0,00
2.684,63
2.684,63
0,00
fornecedor
ciss consultoria em informatica
582949
1 01/04/2025
868,71
0,00
0,00
868,71
868,71
0,00 04/04/2025
8409301
1 01/04/2025
265,00
0,00
0,00
265,00
265,00
0,00 04/04/2025
5854000
1
1 01/04/2025
147,00
0,00
0,00
147,00
147,00
0,00 04/04/2025
1.280,71
0,00
0,00
1.280,71
1.280,71
0,00
fornecedor
ciza alimentos ltda
7500
1 28/04/2025
3.464,00
0,00
0,00
3.464,00
3.464,00
0,00 28/04/2025
3.464,00
0,00
0,00
3.464,00
3.464,00
0,00
fornecedor
claudiomar  oliveira nascimento
6
1 07/04/2025
7.600,00
0,00
0,00
7.600,00
7.600,00
0,00 07/04/2025
7.600,00
0,00
0,00
7.600,00
7.600,00
0,00
fornecedor
climax kosmetik ltda
184323
1 03/04/2025
564,29
0,00
0,00
564,29
564,29
0,00 03/04/2025
184323
3 17/04/2025
564,29
0,00
0,00
564,29
564,29
0,00 17/04/2025
184323
4 24/04/2025
564,29
0,00
0,00
564,29
564,29
0,00 24/04/2025
1.692,87
0,00
0,00
1.692,87
1.692,87
0,00
fornecedo
comercial tocantins de cereais
null
informação confidencial
página 2 de 13
título
parcela data
vencimento
vl. parcela
vl.
juros
vl.
multa
vl. total
vl. total
pago
vl. total
pendent
e
data pagamento
observação
r
664
1 03/04/2025
975,00
0,00
0,00
975,00
975,00
0,00 03/04/2025
664
3 17/04/2025
975,00
0,00
0,00
975,00
975,00
0,00 17/04/2025
664
4 24/04/2025
975,00
0,00
0,00
975,00
975,00
0,00 24/04/2025
2.925,00
0,00
0,00
2.925,00
2.925,00
0,00
fornecedor
comercio e industria de alimentos porquitos - epp
36092
2 04/04/2025
960,53
0,00
0,00
960,53
960,53
0,00 03/04/2025
960,53
0,00
0,00
960,53
960,53
0,00
fornecedor
costa e carvalho ltda me
4
1 04/04/2025
18.644,71
0,00
0,00
18.644,7
1
18.644,7
1
0,00 04/04/2025
209
1 04/04/2025
136,70
0,00
0,00
136,70
136,70
0,00 04/04/2025
18.781,41
0,00
0,00
18.781,4
1
18.781,4
1
0,00
fornecedor
cristal alimentos ltda
7431230
1 12/04/2025
1.257,94
0,00
0,00
1.257,94
1.257,94
0,00 14/04/2025
7431246
2 03/04/2025
2.947,57
0,00
0,00
2.947,57
2.947,57
0,00 03/04/2025
7431246
3 10/04/2025
2.488,39
0,00
0,00
2.488,39
2.488,39
0,00 10/04/2025
7446542
1 15/04/2025
1.529,28
0,00
0,00
1.529,28
1.529,28
0,00 15/04/2025
7446551
1 08/04/2025
2.023,00
0,00
0,00
2.023,00
2.023,00
0,00 08/04/2025
7446551
2 15/04/2025
1.904,00
0,00
0,00
1.904,00
1.904,00
0,00 15/04/2025
7466946
2 30/04/2025
1.638,46
0,00
0,00
1.638,46
1.638,46
0,00 30/04/2025
13.788,64
0,00
0,00
13.788,6
4
13.788,6
4
0,00
fornecedor
daniel cavalcante de sousa
19
1 24/04/2025
600,00
0,00
0,00
600,00
600,00
0,00 21/04/2025
600,00
0,00
0,00
600,00
600,00
0,00
fornecedor
destaque do norte log. e dist. ltda
438872
3 14/04/2025
403,73
0,00
0,00
403,73
403,73
0,00 14/04/2025
439443
1 07/04/2025
798,85
0,00
0,00
798,85
798,85
0,00 07/04/2025
439443
2 14/04/2025
798,85
0,00
0,00
798,85
798,85
0,00 14/04/2025
2.001,43
0,00
0,00
2.001,43
2.001,43
0,00
fornecedor
distr.aguia de ouro ltda
159491
2 07/04/2025
2.578,43
0,00
0,00
2.578,43
2.578,43
0,00 07/04/2025
159491
3 14/04/2025
2.578,43
0,00
0,00
2.578,43
2.578,43
0,00 14/04/2025
5.156,86
0,00
0,00
5.156,86
5.156,86
0,00
fornecedor
dom jason atac de prod alim e bebidas ltda (transferencia)
304560
2 07/04/2025
852,72
0,00
0,00
852,72
852,72
0,00 07/04/2025
304560
3 14/04/2025
852,72
0,00
0,00
852,72
852,72
0,00 14/04/2025
1.705,44
0,00
0,00
1.705,44
1.705,44
0,00
fornecedor
ducal alimentos ltda
27211
2 18/04/2025
475,10
0,00
0,00
475,10
475,10
0,00 17/04/2025
475,10
0,00
0,00
475,10
475,10
0,00
fornecedor
energisa tocantins
4201421
1 22/04/2025
1.069,92
0,00
0,00
1.069,92
1.069,92
0,00 22/04/2025
4401631
1 26/04/2025
1.023,44
0,00
0,00
1.023,44
1.023,44
0,00 28/04/2025
4401672
1 09/04/2025
216,21
0,00
0,00
216,21
216,21
0,00 09/04/2025
2.309,57
0,00
0,00
2.309,
2.309,
0,00
null
informação confidencial
página 3 de 13
título
parcela data
vencimento
vl. parcela
vl.
juros
vl.
multa
vl. total
vl. total
pago
vl. total
pendent
e
data pagamento
observação
57
57
fornecedor
estrela distribuicao ltda (to)
105083
1 04/04/2025
1.190,96
0,00
0,00
1.190,96
1.190,96
0,00 03/04/2025
105083
3 18/04/2025
1.190,95
0,00
0,00
1.190,95
1.190,95
0,00 17/04/2025
105084
1 18/04/2025
1.765,63
0,00
0,00
1.765,63
1.765,63
0,00 17/04/2025
4.147,54
0,00
0,00
4.147,54
4.147,54
0,00
fornecedor
fabril atacado ltda
14136
1 15/04/2025
238,75
0,00
0,00
238,75
238,75
0,00 15/04/2025
238,75
0,00
0,00
238,75
238,75
0,00
fornecedor
fenix distribuidora de bebidas
1936596
1 02/04/2025
635,40
0,00
0,00
635,40
635,40
0,00 02/04/2025
635,40
0,00
0,00
635,40
635,40
0,00
fornecedor
fernando coelho batista-me
180
3 14/04/2025
506,34
0,00
0,00
506,34
506,34
0,00 14/04/2025
506,34
0,00
0,00
506,34
506,34
0,00
fornecedor
fokus tocantins distribuicao e logistica ltda
486748
1 07/04/2025
269,12
0,00
0,00
269,12
269,12
0,00 07/04/2025
486748
2 14/04/2025
269,12
0,00
0,00
269,12
269,12
0,00 14/04/2025
538,24
0,00
0,00
538,24
538,24
0,00
fornecedor
gilmar martinazzo ltda
331942
2 17/04/2025
1.034,28
0,00
0,00
1.034,28
1.034,28
0,00 17/04/2025
331942
3 24/04/2025
1.034,28
0,00
0,00
1.034,28
1.034,28
0,00 24/04/2025
2.068,56
0,00
0,00
2.068,56
2.068,56
0,00
fornecedor
gsa - gama sucos e alimentos ltda - to
162236
3 02/04/2025
427,24
0,00
0,00
427,24
427,24
0,00 02/04/2025
163811
1 15/04/2025
1.329,44
0,00
0,00
1.329,44
1.329,44
0,00 15/04/2025
163811
3 29/04/2025
1.313,39
0,00
0,00
1.313,39
1.313,39
0,00 29/04/2025
3.070,07
0,00
0,00
3.070,07
3.070,07
0,00
fornecedor
jc distribuicao logistica imp. e exp de produtos ind.s/a
127408
2 04/04/2025
1.739,83
0,00
0,00
1.739,83
1.739,83
0,00 03/04/2025
1.739,83
0,00
0,00
1.739,83
1.739,83
0,00
fornecedor
jv souza com. e distribuicao ltda
14369
3 14/04/2025
247,68
0,00
0,00
247,68
247,68
0,00 14/04/2025
14370
2 07/04/2025
1.248,16
0,00
0,00
1.248,16
1.248,16
0,00 07/04/2025
14370
3 14/04/2025
1.248,16
0,00
0,00
1.248,16
1.248,16
0,00 14/04/2025
2.744,00
0,00
0,00
2.744,00
2.744,00
0,00
fornecedor
l f eireli
38982
1 02/04/2025
788,00
0,00
0,00
788,00
788,00
0,00 02/04/2025
38994
1 02/04/2025
3.622,50
0,00
0,00
3.622,50
3.622,50
0,00 02/04/2025
39084
1 05/04/2025
543,00
0,00
0,00
543,00
543,00
0,00 07/04/2025
39108
1 05/04/2025
2.316,00
0,00
0,00
2.316,00
2.316,00
0,00 07/04/2025
39197
1 09/04/2025
698,00
0,00
0,00
698,00
698,00
0,00 09/04/2025
39217
1 09/04/2025
3.842,50
0,00
0,00
3.842,50
3.842,50
0,00 09/04/2025
39330
1 12/04/2025
1.463,50
0,00
0,00
1.463,5
1.463,5
0,00 14/04/2025
null
informação confidencial
página 4 de 13
título
parcela data
vencimento
vl. parcela
vl.
juros
vl.
multa
vl. total
vl. total
pago
vl. total
pendent
e
data pagamento
observação
0
0
39353
1 12/04/2025
1.242,00
0,00
0,00
1.242,00
1.242,00
0,00 14/04/2025
39427
1 16/04/2025
923,50
0,00
0,00
923,50
923,50
0,00 16/04/2025
39442
1 16/04/2025
2.903,00
0,00
0,00
2.903,00
2.903,00
0,00 16/04/2025
39754
1 26/04/2025
468,00
0,00
0,00
468,00
468,00
0,00 28/04/2025
39774
1 26/04/2025
1.695,00
0,00
0,00
1.695,00
1.695,00
0,00 28/04/2025
39852
1 30/04/2025
282,50
0,00
0,00
282,50
282,50
0,00 30/04/2025
39866
1 30/04/2025
1.580,00
0,00
0,00
1.580,00
1.580,00
0,00 30/04/2025
22.367,50
0,00
0,00
22.367,5
0
22.367,5
0
0,00
fornecedor
l k j - frigorifico ltda
229266
2 07/04/2025
954,73
0,00
0,00
954,73
954,73
0,00 07/04/2025
229267
2 07/04/2025
968,65
0,00
0,00
968,65
968,65
0,00 07/04/2025
229268
2 07/04/2025
869,34
0,00
0,00
869,34
869,34
0,00 07/04/2025
229269
2 07/04/2025
928,67
0,00
0,00
928,67
928,67
0,00 07/04/2025
229270
2 07/04/2025
938,98
0,00
0,00
938,98
938,98
0,00 07/04/2025
229987
1 07/04/2025
1.365,24
0,00
0,00
1.365,24
1.365,24
0,00 07/04/2025
229987
2 14/04/2025
1.365,24
0,00
0,00
1.365,24
1.365,24
0,00 14/04/2025
230738
1 14/04/2025
708,37
0,00
0,00
708,37
708,37
0,00 14/04/2025
230739
1 14/04/2025
586,64
0,00
0,00
586,64
586,64
0,00 14/04/2025
230740
1 14/04/2025
1.081,61
0,00
0,00
1.081,61
1.081,61
0,00 14/04/2025
230741
1 14/04/2025
604,77
0,00
0,00
604,77
604,77
0,00 14/04/2025
230742
1 14/04/2025
558,15
0,00
0,00
558,15
558,15
0,00 14/04/2025
10.930,39
0,00
0,00
10.930,3
9
10.930,3
9
0,00
fornecedor
l mark industrial ltda
108644
1 24/04/2025
425,86
0,00
0,00
425,86
425,86
0,00 24/04/2025
425,86
0,00
0,00
425,86
425,86
0,00
fornecedor
la industria e comercio de cafe eireli
44147
3 04/04/2025
1.138,49
0,00
0,00
1.138,49
1.138,49
0,00 03/04/2025
44693
1 25/04/2025
1.178,92
0,00
0,00
1.178,92
1.178,92
0,00 24/04/2025
2.317,41
0,00
0,00
2.317,41
2.317,41
0,00
fornecedor
laticinios bela vista s.a.
2170804
1 15/04/2025
3.079,87
0,00
0,00
3.079,87
3.079,87
0,00 15/04/2025
2170804
3 29/04/2025
2.989,28
0,00
0,00
2.989,28
2.989,28
0,00 29/04/2025
2170805
1 15/04/2025
548,60
0,00
0,00
548,60
548,60
0,00 15/04/2025
2170805
3 29/04/2025
532,46
0,00
0,00
532,46
532,46
0,00 29/04/2025
7.150,21
0,00
0,00
7.150,21
7.150,21
0,00
fornecedor
lima e pergher industria e comercio s/a
3394245
1 10/04/2025
2.047,93
0,00
0,00
2.047,93
2.047,93
0,00 10/04/2025
3394245
2 17/04/2025
2.047,93
0,00
0,00
2.047,93
2.047,93
0,00 17/04/2025
3394245
3 24/04/2025
2.047,93
0,00
0,00
2.047,93
2.047,93
0,00 24/04/2025
6.143,79
0,00
0,00
6.143,79
6.143,79
0,00
fornecedor
martins com serv distr sa
245852
2 04/04/2025
2.303,13
0,00
0,00
2.303,13
2.303,13
0,00 03/04/2025
245852
3 11/04/2025
2.303,13
0,00
0,00
2.303,13
2.303,13
0,00 10/04/2025
null
informação confidencial
página 5 de 13
