                                                                                                                               
 
data: 2 de junho de 2021 
código do cliente: 26768648. cnpj:: 05925947000127 - vacinar - clinica de saude preventiva 
histórico de vendas 
página:1
período: 01/05/2021 - 31/05/2021
moeda: brl
 
data da venda
código do
cliente
resumo de
vendas
produto
parcela
plano
comprovantes
valor bruto
cashback
amount
reverse
interchange
vlr. desc.
valor de
pagamento data de crédito
03/05/21
26768648
11703863634
visa débito
0
0
1
760,00
  0,00
  0,00
12,16
747,84
04/05/21
03/05/21
26768648
11703863633
visa crédito
0
0
1
150,00
  0,00
  0,00
4,41
145,59
02/06/21
03/05/21
26768648
11705017092
mastercard
crédito
0
0
3
1.410,00
  0,00
  0,00
41,45
1.368,55
02/06/21
03/05/21
26768648
11705017091
visa crédito
0
0
1
150,00
  0,00
  0,00
4,41
145,59
02/06/21
03/05/21
26768648
11705017093
elo débito
0
0
2
600,00
  0,00
  0,00
15,91
584,09
04/05/21
03/05/21
26768648
0021170457518
6
visa crédito
1
2
1
300,00
  0,00
  0,00
10,50
144,75
02/06/21
03/05/21
26768648
0021170457518
6
visa crédito
2
2
1
300,00
  0,00
  0,00
10,50
144,75
02/07/21
03/05/21
26768648
0031170255222
2
visa crédito
1
3
1
1.670,00
  0,00
  0,00
58,44
537,20
02/06/21
03/05/21
26768648
0031170255222
2
visa crédito
2
3
1
1.670,00
  0,00
  0,00
58,44
537,18
02/07/21
03/05/21
26768648
0031170255222
2
visa crédito
3
3
1
1.670,00
  0,00
  0,00
58,44
537,18
02/08/21
03/05/21
26768648
0041170457517
4
visa crédito
1
4
1
900,00
  0,00
  0,00
31,52
217,12
02/06/21
03/05/21
26768648
0041170457517
4
visa crédito
2
4
1
900,00
  0,00
  0,00
31,52
217,12
02/07/21
03/05/21
26768648
0041170457517
4
visa crédito
3
4
1
900,00
  0,00
  0,00
31,52
217,12
02/08/21
03/05/21
26768648
0041170457517
4
visa crédito
4
4
1
900,00
  0,00
  0,00
31,52
217,12
31/08/21
03/05/21
26768648
0041170457518
1
mastercard
crédito
1
4
2
1.320,00
  0,00
  0,00
46,20
318,45
02/06/21
03/05/21
26768648
0041170457518
1
mastercard
crédito
2
4
2
1.320,00
  0,00
  0,00
46,20
318,45
02/07/21
03/05/21
26768648
0041170457518
1
mastercard
crédito
3
4
2
1.320,00
  0,00
  0,00
46,20
318,45
02/08/21
 sipêg
                                                                                                                               
 
data: 2 de junho de 2021 
código do cliente: 26768648. cnpj:: 05925947000127 - vacinar - clinica de saude preventiva 
histórico de vendas 
página:2
03/05/21
26768648
0041170457518
1
mastercard
crédito
4
4
2
1.320,00
  0,00
  0,00
46,20
318,45
31/08/21
saldo do dia
7.260,00  0,00
 0,00
225,00
7.035,00
04/05/21
26768648
11710095936
mastercard
débito
0
0
1
420,00
  0,00
  0,00
6,72
413,28
05/05/21
04/05/21
26768648
11709129160
visa débito
0
0
1
150,00
  0,00
  0,00
2,40
147,60
05/05/21
04/05/21
26768648
11709129153
mastercard
débito
0
0
2
710,00
  0,00
  0,00
11,36
698,64
05/05/21
04/05/21
26768648
11711338182
mastercard
débito
0
0
1
150,00
  0,00
  0,00
2,40
147,60
05/05/21
04/05/21
26768648
11711338183
visa crédito
0
0
3
450,00
  0,00
  0,00
13,23
436,77
04/06/21
04/05/21
26768648
11710095937
visa crédito
0
0
1
150,00
  0,00
  0,00
4,41
145,59
04/06/21
04/05/21
26768648
11710095938
mastercard
crédito
0
0
1
150,00
  0,00
  0,00
4,41
145,59
04/06/21
04/05/21
26768648
11711338184
elo débito
0
0
1
1.110,00
  0,00
  0,00
29,42
1.080,58
05/05/21
04/05/21
26768648
0021170881264
8
elo crédito
1
2
1
450,00
  0,00
  0,00
20,80
214,60
04/06/21
04/05/21
26768648
0021170881264
8
elo crédito
2
2
1
450,00
  0,00
  0,00
20,80
214,60
05/07/21
04/05/21
26768648
0021170881265
6
mastercard
crédito
1
2
1
490,00
  0,00
  0,00
17,16
236,42
04/06/21
04/05/21
26768648
0021170881265
6
mastercard
crédito
2
2
1
490,00
  0,00
  0,00
17,16
236,42
05/07/21
04/05/21
26768648
0021170881265
8
visa crédito
1
2
1
300,00
  0,00
  0,00
10,50
144,75
04/06/21
04/05/21
26768648
0021170881265
8
visa crédito
2
2
1
300,00
  0,00
  0,00
10,50
144,75
05/07/21
04/05/21
26768648
0041170881265
0
visa crédito
1
4
1
1.110,00
  0,00
  0,00
38,84
267,79
04/06/21
04/05/21
26768648
0041170881265
0
visa crédito
2
4
1
1.110,00
  0,00
  0,00
38,84
267,79
05/07/21
04/05/21
26768648
0041170881265
0
visa crédito
3
4
1
1.110,00
  0,00
  0,00
38,84
267,79
02/08/21
04/05/21
26768648
0041170881265
0
visa crédito
4
4
1
1.110,00
  0,00
  0,00
38,84
267,79
01/09/21
 sipêg
                                                                                                                               
 
data: 2 de junho de 2021 
código do cliente: 26768648. cnpj:: 05925947000127 - vacinar - clinica de saude preventiva 
histórico de vendas 
página:3
saldo do dia
5.640,00  0,00
 0,00
161,65
5.478,35
05/05/21
26768648
11716579679
mastercard
débito
0
0
1
600,00
  0,00
  0,00
9,60
590,40
06/05/21
05/05/21
26768648
11716579684
visa crédito
0
0
3
600,01
  0,00
  0,00
17,64
582,37
04/06/21
05/05/21
26768648
11715562345
elo débito
0
0
1
150,00
  0,00
  0,00
3,98
146,02
06/05/21
05/05/21
26768648
11716579685
elo débito
0
0
1
150,00
  0,00
  0,00
3,98
146,02
06/05/21
05/05/21
26768648
0021171523507
3
visa crédito
1
2
1
340,00
  0,00
  0,00
11,90
164,05
04/06/21
05/05/21
26768648
0021171523507
3
visa crédito
2
2
1
340,00
  0,00
  0,00
11,90
164,05
05/07/21
05/05/21
26768648
0021171728301
6
visa crédito
1
2
2
760,00
  0,00
  0,00
26,60
366,70
04/06/21
05/05/21
26768648
0021171728301
6
visa crédito
2
2
2
760,00
  0,00
  0,00
26,60
366,70
05/07/21
05/05/21
26768648
0041171523506
9
visa crédito
1
4
1
1.110,00
  0,00
  0,00
38,84
267,79
04/06/21
05/05/21
26768648
0041171523506
9
visa crédito
2
4
1
1.110,00
  0,00
  0,00
38,84
267,79
05/07/21
05/05/21
26768648
0041171523506
9
visa crédito
3
4
1
1.110,00
  0,00
  0,00
38,84
267,79
03/08/21
05/05/21
26768648
0041171523506
9
visa crédito
4
4
1
1.110,00
  0,00
  0,00
38,84
267,79
02/09/21
05/05/21
26768648
0041171607892
9
visa crédito
1
4
1
1.410,00
  0,00
  0,00
49,36
340,16
04/06/21
05/05/21
26768648
0041171607892
9
visa crédito
2
4
1
1.410,00
  0,00
  0,00
49,36
340,16
05/07/21
05/05/21
26768648
0041171607892
9
visa crédito
3
4
1
1.410,00
  0,00
  0,00
49,36
340,16
03/08/21
05/05/21
26768648
0041171607892
9
visa crédito
4
4
1
1.410,00
  0,00
  0,00
49,36
340,16
02/09/21
saldo do dia
5.120,01  0,00
 0,00
161,90
4.958,11
06/05/21
26768648
11724086315
visa débito
0
0
1
150,00
  0,00
  0,00
2,40
147,60
07/05/21
06/05/21
26768648
11721833706
mastercard
crédito
0
0
1
280,00
  0,00
  0,00
8,23
271,77
07/06/21
06/05/21
26768648
11724086312
visa crédito
0
0
1
150,00
  0,00
  0,00
4,41
145,59
07/06/21
 sipêg
                                                                                                                               
 
data: 2 de junho de 2021 
código do cliente: 26768648. cnpj:: 05925947000127 - vacinar - clinica de saude preventiva 
histórico de vendas 
página:4
06/05/21
26768648
11721833705
visa crédito
0
0
1
300,00
  0,00
  0,00
8,82
291,18
07/06/21
06/05/21
26768648
11722833858
elo débito
0
0
1
170,00
  0,00
  0,00
4,51
165,49
07/05/21
06/05/21
26768648
0021172149872
7
visa crédito
1
2
2
760,00
  0,00
  0,00
26,60
366,70
07/06/21
06/05/21
26768648
0021172149872
7
visa crédito
2
2
2
760,00
  0,00
  0,00
26,60
366,70
05/07/21
06/05/21
26768648
0021172236513
6
visa crédito
1
2
2
640,00
  0,00
  0,00
22,40
308,80
07/06/21
06/05/21
26768648
0021172236513
6
visa crédito
2
2
2
640,00
  0,00
  0,00
22,40
308,80
05/07/21
06/05/21
26768648
0021172363146
0
mastercard
crédito
1
2
1
300,00
  0,00
  0,00
10,50
144,75
07/06/21
06/05/21
26768648
0021172363146
0
mastercard
crédito
2
2
1
300,00
  0,00
  0,00
10,50
144,75
05/07/21
06/05/21
26768648
0021172363146
2
elo crédito
1
2
1
420,00
  0,00
  0,00
19,40
200,30
07/06/21
06/05/21
26768648
0021172363146
2
elo crédito
2
2
1
420,00
  0,00
  0,00
19,40
200,30
06/07/21
06/05/21
26768648
0021172363146
4
visa crédito
1
2
1
420,00
  0,00
  0,00
14,70
202,65
07/06/21
06/05/21
26768648
0021172363146
4
visa crédito
2
2
1
420,00
  0,00
  0,00
14,70
202,65
05/07/21
saldo do dia
3.590,00  0,00
 0,00
121,97
3.468,03
07/05/21
26768648
11828746866
visa débito
0
0
1
150,00
  0,00
  0,00
2,40
147,60
10/05/21
07/05/21
26768648
11829916455
mastercard
débito
0
0
2
940,00
  0,00
  0,00
15,04
924,96
10/05/21
07/05/21
26768648
11831365010
visa débito
0
0
1
150,00
  0,00
  0,00
2,40
147,60
10/05/21
07/05/21
26768648
11831365011
mastercard
crédito
0
0
1
170,00
  0,00
  0,00
5,00
165,00
07/06/21
07/05/21
26768648
11829916457
mastercard
crédito
0
0
1
150,00
  0,00
  0,00
4,41
145,59
07/06/21
07/05/21
26768648
11829916456
visa crédito
0
0
1
150,00
  0,00
  0,00
4,41
145,59
07/06/21
07/05/21
26768648
0021182937167
3
visa crédito
1
2
1
300,00
  0,00
  0,00
10,50
144,75
07/06/21
 sipêg
                                                                                                                               
 
data: 2 de junho de 2021 
código do cliente: 26768648. cnpj:: 05925947000127 - vacinar - clinica de saude preventiva 
histórico de vendas 
página:5
07/05/21
26768648
0021182937167
3
visa crédito
2
2
1
300,00
  0,00
  0,00
10,50
144,75
06/07/21
07/05/21
26768648
0021183083927
5
visa crédito
1
2
1
520,00
  0,00
  0,00
18,20
250,90
07/06/21
07/05/21
26768648
0021183083927
5
visa crédito
2
2
1
520,00
  0,00
  0,00
18,20
250,90
06/07/21
07/05/21
26768648
0031182839574
0
mastercard
crédito
1
3
1
340,00
  0,00
  0,00
11,91
109,37
07/06/21
07/05/21
26768648
0031182839574
0
mastercard
crédito
2
3
1
340,00
  0,00
  0,00
11,91
109,36
06/07/21
07/05/21
26768648
0031182839574
0
mastercard
crédito
3
3
1
340,00
  0,00
  0,00
11,91
109,36
05/08/21
07/05/21
26768648
0031183083927
8
mastercard
crédito
1
3
1
690,00
  0,00
  0,00
24,15
221,95
07/06/21
07/05/21
26768648
0031183083927
8
mastercard
crédito
2
3
1
690,00
  0,00
  0,00
24,15
221,95
06/07/21
07/05/21
26768648
0031183083927
8
mastercard
crédito
3
3
1
690,00
  0,00
  0,00
24,15
221,95
05/08/21
07/05/21
26768648
0041183083927
1
visa crédito
1
4
1
1.150,00
  0,00
  0,00
40,24
277,44
07/06/21
07/05/21
26768648
0041183083927
1
visa crédito
2
4
1
1.150,00
  0,00
  0,00
40,24
277,44
06/07/21
07/05/21
26768648
0041183083927
1
visa crédito
3
4
1
1.150,00
  0,00
  0,00
40,24
277,44
05/08/21
07/05/21
26768648
0041183083927
1
visa crédito
4
4
1
1.150,00
  0,00
  0,00
40,24
277,44
06/09/21
saldo do dia
4.710,00  0,00
 0,00
138,66
4.571,34
10/05/21
26768648
11849494261
mastercard
débito
0
0
1
300,00
  0,00
  0,00
4,80
295,20
11/05/21
10/05/21
26768648
11849494269
visa débito
0
0
2
2.050,00
  0,00
  0,00
32,80
2.017,20
11/05/21
10/05/21
26768648
11847445579
visa crédito
0
0
1
150,00
  0,00
  0,00
4,41
145,59
09/06/21
10/05/21
26768648
11849494266
visa crédito
0
0
1
150,00
  0,00
  0,00
4,41
145,59
09/06/21
10/05/21
26768648
11849494270
elo débito
0
0
1
340,00
  0,00
  0,00
9,01
330,99
11/05/21
10/05/21
26768648
0021184715745
3
visa crédito
1
2
1
340,00
  0,00
  0,00
11,90
164,05
09/06/21
 sipêg
