46 - contas a pagar por fornecedor
cod. empresa:  multi-valor 1; 2; ...
cód. fornecedor:  multi-valor 30763; 37293; ...
data venc.:  entre 01/01/2025 e 30/06/2025
versão 3
financeiro/contas a pagar
22/07/2025 08:15:12
título série
data emissão
data venc.
val. título
val. pago
valor pendente
vencimento
30/06/2025
fornecedor
ccb central de compras do brasil ltda
72862 1
09/06/2025
30/06/2025
8.098,98
8.098,98
0,00
72863 1
09/06/2025
30/06/2025
11.044,18
11.044,18
0,00
72921 1
09/06/2025
30/06/2025
755,28
755,28
0,00
75705 1
23/06/2025
30/06/2025
2.155,00
2.155,00
0,00
72932 1
09/06/2025
30/06/2025
3.262,20
3.262,20
0,00
25.315,64
25.315,64
0,00
fornecedor
ccb-central de compras do brasil
1964162 1
11/06/2025
30/06/2025
3.458,00
3.458,00
0,00
1966600 1
25/06/2025
30/06/2025
2.408,40
2.408,40
0,00
1964157 1
11/06/2025
30/06/2025
9.310,00
9.310,00
0,00
1966616 1
25/06/2025
30/06/2025
9.633,60
9.633,60
0,00
24.810,00
24.810,00
0,00
50.125,64
50.125,64
0,00
vencimento
29/06/2025
fornecedor
ccb-central de compras do brasil
1961064 1
25/05/2025
29/06/2025
2.157,71
2.157,71
0,00
1961065 1
25/05/2025
29/06/2025
741,00
741,00
0,00
1961077 1
25/05/2025
29/06/2025
132,03
132,03
0,00
1961123 1
25/05/2025
29/06/2025
6.131,32
6.131,32
0,00
1961124 1
25/05/2025
29/06/2025
777,52
777,52
0,00
1963430 1
08/06/2025
29/06/2025
8.500,00
8.500,00
0,00
1961072 1
25/05/2025
29/06/2025
6.834,54
6.834,54
0,00
1961073 1
25/05/2025
29/06/2025
296,40
296,40
0,00
1961079 1
25/05/2025
29/06/2025
132,03
132,03
0,00
1961120 1
25/05/2025
29/06/2025
12.570,34
12.570,34
0,00
1961121 1
25/05/2025
29/06/2025
2.022,32
2.022,32
0,00
1963425 1
08/06/2025
29/06/2025
18.534,00
18.534,00
0,00
58.829,21
58.829,21
0,00
58.829,21
58.829,21
0,00
vencimento
28/06/2025
fornecedor
ccb central de compras do brasil ltda
72597 1
07/06/2025
28/06/2025
885,30
885,30
0,00
72567 1
07/06/2025
28/06/2025
2.882,22
2.882,22
0,00
72645 1
07/06/2025
28/06/2025
2.481,00
2.481,00
0,00
72646 1
07/06/2025
28/06/2025
1.894,50
1.894,50
0,00
72647 1
07/06/2025
28/06/2025
3.020,64
3.020,64
0,00
72648 1
07/06/2025
28/06/2025
1.760,00
1.760,00
0,00
72649 1
07/06/2025
28/06/2025
1.440,00
1.440,00
0,00
72650 1
07/06/2025
28/06/2025
2.303,20
2.303,20
0,00
72651 1
07/06/2025
28/06/2025
1.602,05
1.602,05
0,00
18.268,91
18.268,91
0,00
18.268,91
18.268,91
0,00
vencimento
27/06/2025
fornecedor
ccb central de compras do brasil ltda
72237 1
06/06/2025
27/06/2025
5.023,73
5.023,73
0,00
5.023,73
5.023,73
0,00
fornecedor
ccb-central de compras do brasil
1964159 1
11/06/2025
27/06/2025
620,20
620,20
0,00
1964160 1
11/06/2025
27/06/2025
7.522,35
7.522,35
0,00
1964161 1
11/06/2025
27/06/2025
11.397,50
11.397,50
0,00
1964154 1
11/06/2025
27/06/2025
620,20
620,20
0,00
1964155 1
11/06/2025
27/06/2025
22.567,05
22.567,05
0,00
1964156 1
11/06/2025
27/06/2025
22.795,00
22.795,00
0,00
supermercado martins - filial
informação confidencial
página 1 de 62
título série
data emissão
data venc.
val. título
val. pago
valor pendente
65.522,30
65.522,30
0,00
70.546,03
70.546,03
0,00
vencimento
26/06/2025
fornecedor
ccb central de compras do brasil ltda
72026 1
05/06/2025
26/06/2025
711,78
711,78
0,00
72177 1
05/06/2025
26/06/2025
1.029,20
1.029,20
0,00
72178 1
05/06/2025
26/06/2025
1.029,20
1.029,20
0,00
72179 1
05/06/2025
26/06/2025
7.122,40
7.122,40
0,00
72180 1
05/06/2025
26/06/2025
2.175,79
2.175,79
0,00
72105 1
05/06/2025
26/06/2025
19.290,96
19.290,96
0,00
72106 1
05/06/2025
26/06/2025
2.322,06
2.322,06
0,00
72116 1
05/06/2025
26/06/2025
5.087,19
5.087,19
0,00
72117 1
05/06/2025
26/06/2025
2.878,33
2.878,33
0,00
72118 1
05/06/2025
26/06/2025
2.386,50
2.386,50
0,00
72119 1
05/06/2025
26/06/2025
2.243,31
2.243,31
0,00
72120 1
05/06/2025
26/06/2025
164,74
164,74
0,00
72123 1
05/06/2025
26/06/2025
3.710,06
790,06
0,00
72123 1
05/06/2025
26/06/2025
3.710,06
790,06
0,00
73176 1
11/06/2025
26/06/2025
2.022,09
2.022,09
0,00
73179 1
11/06/2025
26/06/2025
923,20
923,20
0,00
73180 1
11/06/2025
26/06/2025
2.105,38
2.105,38
0,00
73182 1
11/06/2025
26/06/2025
436,48
436,48
0,00
73186 1
11/06/2025
26/06/2025
2.544,14
2.544,14
0,00
73189 1
11/06/2025
26/06/2025
2.767,00
2.767,00
0,00
73972 1
14/06/2025
26/06/2025
6.919,00
6.919,00
0,00
73973 1
14/06/2025
26/06/2025
8.954,00
8.954,00
0,00
73974 1
14/06/2025
26/06/2025
8.954,00
8.954,00
0,00
73975 1
14/06/2025
26/06/2025
8.954,00
8.954,00
0,00
73976 1
14/06/2025
26/06/2025
8.954,00
8.954,00
0,00
73977 1
14/06/2025
26/06/2025
8.954,00
8.954,00
0,00
73978 1
14/06/2025
26/06/2025
8.954,00
8.954,00
0,00
73979 1
14/06/2025
26/06/2025
8.954,00
8.954,00
0,00
73980 1
14/06/2025
26/06/2025
8.954,00
8.954,00
0,00
73981 1
14/06/2025
26/06/2025
8.954,00
8.954,00
0,00
73982 1
14/06/2025
26/06/2025
8.954,00
8.954,00
0,00
73983 1
14/06/2025
26/06/2025
8.954,00
8.954,00
0,00
73984 1
14/06/2025
26/06/2025
8.954,00
8.954,00
0,00
73985 1
14/06/2025
26/06/2025
8.954,00
8.954,00
0,00
73986 1
14/06/2025
26/06/2025
8.954,00
8.954,00
0,00
73987 1
14/06/2025
26/06/2025
8.954,00
8.954,00
0,00
73988 1
14/06/2025
26/06/2025
8.954,00
8.954,00
0,00
73989 1
14/06/2025
26/06/2025
8.954,00
8.954,00
0,00
73990 1
14/06/2025
26/06/2025
8.954,00
8.954,00
0,00
73991 1
14/06/2025
26/06/2025
8.954,00
8.954,00
0,00
73992 1
14/06/2025
26/06/2025
8.954,00
8.954,00
0,00
250.658,87
244.818,87
0,00
fornecedor
ccb-central de compras do brasil
1960915 1
22/05/2025
26/06/2025
1.003,26
1.003,26
0,00
1960916 1
22/05/2025
26/06/2025
1.145,71
1.145,71
0,00
1960917 1
22/05/2025
26/06/2025
504,00
504,00
0,00
1960919 1
22/05/2025
26/06/2025
83,04
83,04
0,00
74922 avu
24/06/2025
26/06/2025
6.939,03
6.939,03
0,00
1960910 1
22/05/2025
26/06/2025
2.184,06
2.184,06
0,00
1960911 1
22/05/2025
26/06/2025
2.075,07
2.075,07
0,00
1960912 1
22/05/2025
26/06/2025
1.176,00
1.176,00
0,00
1960914 1
22/05/2025
26/06/2025
246,08
246,08
0,00
1963284 1
05/06/2025
26/06/2025
8.938,00
8.938,00
0,00
74924 avu
24/06/2025
26/06/2025
18.617,95
18.617,95
0,00
42.912,20
42.912,20
0,00
293.571,07
287.731,07
0,00
vencimento
25/06/2025
supermercado martins - filial
informação confidencial
página 2 de 62
título série
data emissão
data venc.
val. título
val. pago
valor pendente
fornecedor
ccb central de compras do brasil ltda
71690 1
04/06/2025
25/06/2025
2.496,00
2.496,00
0,00
71832 1
04/06/2025
25/06/2025
2.777,33
2.777,33
0,00
71733 1
04/06/2025
25/06/2025
14.352,00
14.352,00
0,00
71736 1
04/06/2025
25/06/2025
327,19
327,19
0,00
71948 1
04/06/2025
25/06/2025
1.543,80
1.543,80
0,00
71949 1
04/06/2025
25/06/2025
1.543,80
1.543,80
0,00
71950 1
04/06/2025
25/06/2025
7.122,40
7.122,40
0,00
71951 1
04/06/2025
25/06/2025
7.122,40
7.122,40
0,00
71952 1
04/06/2025
25/06/2025
3.561,20
3.561,20
0,00
40.846,12
40.846,12
0,00
40.846,12
40.846,12
0,00
vencimento
24/06/2025
fornecedor
ccb central de compras do brasil ltda
71457 1
03/06/2025
24/06/2025
275,73
275,73
0,00
71510 1
03/06/2025
24/06/2025
1.845,80
1.845,80
0,00
72597 1
07/06/2025
24/06/2025
2.156,40
2.156,40
0,00
73146 1
11/06/2025
24/06/2025
951,60
951,60
0,00
73147 1
11/06/2025
24/06/2025
693,20
693,20
0,00
73148 1
11/06/2025
24/06/2025
3.135,51
3.135,51
0,00
73149 1
11/06/2025
24/06/2025
1.559,34
1.559,34
0,00
73153 1
11/06/2025
24/06/2025
1.348,49
1.348,49
0,00
73154 1
11/06/2025
24/06/2025
1.383,50
1.383,50
0,00
73155 1
11/06/2025
24/06/2025
3.122,10
3.122,10
0,00
73156 1
11/06/2025
24/06/2025
1.383,50
1.383,50
0,00
73390 1
11/06/2025
24/06/2025
1.424,90
1.424,90
0,00
71402 1
03/06/2025
24/06/2025
799,60
799,60
0,00
20.079,67
20.079,67
0,00
fornecedor
ccb-central de compras do brasil
1960428 1
20/05/2025
24/06/2025
4.825,70
4.825,70
0,00
1960429 1
20/05/2025
24/06/2025
781,07
781,07
0,00
1960431 1
20/05/2025
24/06/2025
128,80
128,80
0,00
1962644 1
03/06/2025
24/06/2025
1.603,35
1.603,35
0,00
1962917 1
03/06/2025
24/06/2025
425,00
425,00
0,00
1962918 1
03/06/2025
24/06/2025
22.962,10
22.962,10
0,00
1960441 1
20/05/2025
24/06/2025
10.240,50
10.240,50
0,00
1960442 1
20/05/2025
24/06/2025
1.876,17
1.876,17
0,00
1960445 1
20/05/2025
24/06/2025
297,60
297,60
0,00
1962805 1
03/06/2025
24/06/2025
534,45
534,45
0,00
1962806 1
03/06/2025
24/06/2025
1.388,00
1.388,00
0,00
1962923 1
03/06/2025
24/06/2025
4.706,20
4.706,20
0,00
1962924 1
03/06/2025
24/06/2025
18.680,90
18.680,90
0,00
68.449,84
68.449,84
0,00
88.529,51
88.529,51
0,00
vencimento
23/06/2025
fornecedor
ccb central de compras do brasil ltda
71138 1
02/06/2025
23/06/2025
5.189,82
5.189,82
0,00
71203 1
02/06/2025
23/06/2025
4.546,00
4.546,00
0,00
71204 1
02/06/2025
23/06/2025
4.546,00
4.546,00
0,00
71205 1
02/06/2025
23/06/2025
4.546,00
4.546,00
0,00
71206 1
02/06/2025
23/06/2025
4.546,00
4.546,00
0,00
71207 1
02/06/2025
23/06/2025
2.760,41
2.760,41
0,00
71215 1
02/06/2025
23/06/2025
5.272,35
5.272,35
0,00
71308 1
02/06/2025
23/06/2025
3.044,69
3.044,69
0,00
70902 1
02/06/2025
23/06/2025
8.002,08
8.002,08
0,00
71069 1
02/06/2025
23/06/2025
4.366,61
4.366,61
0,00
71070 1
02/06/2025
23/06/2025
4.546,00
4.546,00
0,00
71142 1
02/06/2025
23/06/2025
5.060,57
5.060,57
0,00
71143 1
02/06/2025
23/06/2025
4.219,28
4.219,28
0,00
71151 1
02/06/2025
23/06/2025
3.901,30
3.901,30
0,00
71304 1
02/06/2025
23/06/2025
2.006,34
2.006,34
0,00
supermercado martins - filial
informação confidencial
página 3 de 62
título série
data emissão
data venc.
val. título
val. pago
valor pendente
71305 1
02/06/2025
23/06/2025
1.593,20
1.593,20
0,00
71328 1
02/06/2025
23/06/2025
2.777,33
2.777,33
0,00
73178 1
11/06/2025
23/06/2025
1.383,50
1.383,50
0,00
73187 1
11/06/2025
23/06/2025
2.127,20
2.127,20
0,00
73188 1
11/06/2025
23/06/2025
3.469,00
3.469,00
0,00
77.903,68
77.903,68
0,00
77.903,68
77.903,68
0,00
vencimento
22/06/2025
fornecedor
ccb-central de compras do brasil
1960029 1
18/05/2025
22/06/2025
5.770,62
5.770,62
0,00
1960030 1
18/05/2025
22/06/2025
634,71
634,71
0,00
1960033 1
18/05/2025
22/06/2025
115,40
115,40
0,00
1960034 1
18/05/2025
22/06/2025
944,22
944,22
0,00
1960035 1
18/05/2025
22/06/2025
960,00
960,00
0,00
1962135 1
01/06/2025
22/06/2025
16.072,00
16.072,00
0,00
1960024 1
18/05/2025
22/06/2025
10.388,70
10.388,70
0,00
1960025 1
18/05/2025
22/06/2025
1.313,55
1.313,55
0,00
1960027 1
18/05/2025
22/06/2025
230,80
230,80
0,00
1960028 1
18/05/2025
22/06/2025
3.172,18
3.172,18
0,00
1962102 1
01/06/2025
22/06/2025
12.210,40
12.210,40
0,00
1962103 1
01/06/2025
22/06/2025
11.494,60
11.494,60
0,00
63.307,18
63.307,18
0,00
63.307,18
63.307,18
0,00
vencimento
21/06/2025
fornecedor
ccb central de compras do brasil ltda
72932 1
09/06/2025
21/06/2025
718,80
718,80
0,00
72933 1
09/06/2025
21/06/2025
3.594,00
3.594,00
0,00
4.312,80
4.312,80
0,00
4.312,80
4.312,80
0,00
vencimento
20/06/2025
fornecedor
ccb central de compras do brasil ltda
70209 1
28/05/2025
20/06/2025
1.532,75
1.532,75
0,00
1.532,75
1.532,75
0,00
fornecedor
ccb-central de compras do brasil
1962074 1
30/05/2025
20/06/2025
14.373,60
14.373,60
0,00
1962642 1
03/06/2025
20/06/2025
9.716,40
9.716,40
0,00
1962643 1
03/06/2025
20/06/2025
4.497,00
4.497,00
0,00
1962804 1
03/06/2025
20/06/2025
10.493,00
10.493,00
0,00
1964153 1
11/06/2025
20/06/2025
28.449,62
28.449,62
0,00
67.529,62
67.529,62
0,00
69.062,37
69.062,37
0,00
vencimento
19/06/2025
fornecedor
ccb central de compras do brasil ltda
70630 1
29/05/2025
19/06/2025
4.189,77
4.189,77
0,00
70631 1
29/05/2025
19/06/2025
2.925,78
2.925,78
0,00
70632 1
29/05/2025
19/06/2025
1.718,25
1.718,25
0,00
70633 1
29/05/2025
19/06/2025
3.981,20
3.981,20
0,00
72598 1
07/06/2025
19/06/2025
3.594,00
3.594,00
0,00
72599 1
07/06/2025
19/06/2025
3.594,00
3.594,00
0,00
72600 1
07/06/2025
19/06/2025
3.594,00
3.594,00
0,00
70347 1
29/05/2025
19/06/2025
1.653,60
1.653,60
0,00
70348 1
29/05/2025
19/06/2025
6.080,61
6.080,61
0,00
70349 1
29/05/2025
19/06/2025
3.339,98
3.339,98
0,00
70350 1
29/05/2025
19/06/2025
3.191,20
3.191,20
0,00
37.862,39
37.862,39
0,00
fornecedor
ccb-central de compras do brasil
1959876 1
15/05/2025
19/06/2025
4.809,60
4.809,60
0,00
1959877 1
15/05/2025
19/06/2025
36,40
36,40
0,00
1959878 1
15/05/2025
19/06/2025
812,39
812,39
0,00
1959880 1
15/05/2025
19/06/2025
88,80
88,80
0,00
1962584 1
03/06/2025
19/06/2025
5.439,00
5.439,00
0,00
supermercado martins - filial
informação confidencial
página 4 de 62
título série
data emissão
data venc.
val. título
val. pago
valor pendente
1959891 1
15/05/2025
19/06/2025
10.356,60
10.356,60
0,00
1959892 1
15/05/2025
19/06/2025
67,60
67,60
0,00
1959893 1
15/05/2025
19/06/2025
2.164,05
2.164,05
0,00
1959895 1
15/05/2025
19/06/2025
291,60
291,60
0,00
1961915 1
29/05/2025
19/06/2025
420,00
420,00
0,00
1962585 1
03/06/2025
19/06/2025
1.813,00
1.813,00
0,00
26.299,04
26.299,04
0,00
64.161,43
64.161,43
0,00
vencimento
18/06/2025
fornecedor
ccb central de compras do brasil ltda
70054 1
28/05/2025
18/06/2025
2.217,63
2.217,63
0,00
70225 1
28/05/2025
18/06/2025
797,03
797,03
0,00
70298 1
28/05/2025
18/06/2025
1.867,83
1.867,83
0,00
4.882,49
4.882,49
0,00
4.882,49
4.882,49
0,00
vencimento
17/06/2025
fornecedor
ccb central de compras do brasil ltda
68662 1
21/05/2025
17/06/2025
2.207,20
2.026,94
0,00
68662 1
21/05/2025
17/06/2025
2.207,20
2.026,94
0,00
70019 1
27/05/2025
17/06/2025
1.416,64
1.416,64
0,00
70014 1
27/05/2025
17/06/2025
4.249,92
4.249,92
0,00
10.080,96
9.720,44
0,00
fornecedor
ccb-central de compras do brasil
1959518 1
13/05/2025
17/06/2025
1.014,00
1.014,00
0,00
1959519 1
13/05/2025
17/06/2025
845,28
845,28
0,00
1959520 1
13/05/2025
17/06/2025
1.017,96
1.017,96
0,00
1959521 1
13/05/2025
17/06/2025
1.200,00
1.200,00
0,00
1959522 1
13/05/2025
17/06/2025
2.008,60
2.008,60
0,00
1961548 1
27/05/2025
17/06/2025
8.640,00
8.640,00
0,00
1961549 1
27/05/2025
17/06/2025
180,00
180,00
0,00
1959513 1
13/05/2025
17/06/2025
1.657,88
1.657,88
0,00
1959514 1
13/05/2025
17/06/2025
2.345,52
2.345,52
0,00
1959515 1
13/05/2025
17/06/2025
2.664,00
2.664,00
0,00
1959516 1
13/05/2025
17/06/2025
4.320,00
4.320,00
0,00
1959517 1
13/05/2025
17/06/2025
4.296,32
4.296,32
0,00
1961542 1
27/05/2025
17/06/2025
8.050,00
8.050,00
0,00
38.239,56
38.239,56
0,00
48.320,52
47.960,00
0,00
vencimento
16/06/2025
fornecedor
ccb central de compras do brasil ltda
69147 1
23/05/2025
16/06/2025
226,20
226,20
0,00
69671 1
26/05/2025
16/06/2025
1.837,28
1.837,28
0,00
69672 1
26/05/2025
16/06/2025
2.719,20
2.719,20
0,00
69673 1
26/05/2025
16/06/2025
2.719,20
2.719,20
0,00
69686 1
26/05/2025
16/06/2025
182,85
182,85
0,00
69677 1
26/05/2025
16/06/2025
4.567,15
4.567,15
0,00
69678 1
26/05/2025
16/06/2025
61,31
61,31
0,00
69679 1
26/05/2025
16/06/2025
2.207,16
2.207,16
0,00
69680 1
26/05/2025
16/06/2025
5.150,04
5.150,04
0,00
70400 1
29/05/2025
16/06/2025
576,00
576,00
0,00
20.246,39
20.246,39
0,00
20.246,39
20.246,39
0,00
vencimento
15/06/2025
fornecedor
ccb central de compras do brasil ltda
69507 1
25/05/2025
15/06/2025
502,56
502,56
0,00
69557 1
25/05/2025
15/06/2025
1.231,24
1.231,24
0,00
70162 1
28/05/2025
15/06/2025
9.030,00
9.030,00
0,00
70163 1
28/05/2025
15/06/2025
9.030,00
9.030,00
0,00
70164 1
28/05/2025
15/06/2025
9.030,00
9.030,00
0,00
70165 1
28/05/2025
15/06/2025
9.030,00
9.030,00
0,00
70166 1
28/05/2025
15/06/2025
9.030,00
9.030,00
0,00
supermercado martins - filial
informação confidencial
página 5 de 62
