formas de pagamento - analítico
data: [01/10/2024 a 31/10/2024]; formato: [analitico]; quebra: [data]; transação: [todos]; lojas: [6165]; caixas: [todos];
filtros:
formas de pagamentos
venda (+)
recebimento (+)
desv.moeda
contra-vale
saldo
pagamento (-)
data: 01/10/2024
1.601,58
0,00
0,00
0,00
0,00
1.601,58
001 - dinheiro
4.632,08
0,00
0,00
0,00
0,00
4.632,08
022 - tef credito
2.841,11
0,00
0,00
0,00
0,00
2.841,11
023 - tef debito
164,70
0,00
0,00
0,00
0,00
164,70
024 - pos credito
77,80
0,00
0,00
0,00
0,00
77,80
025 - pos debito
1.292,53
0,00
0,00
0,00
0,00
1.292,53
026 - pix no pdv
204,90
0,00
0,00
0,00
0,00
204,90
030 - vale troca
total data:
10.814,70
0,00
0,00
0,00
0,00
10.814,70
data: 02/10/2024
1.819,92
0,00
0,00
0,00
0,00
1.819,92
001 - dinheiro
7.302,89
0,00
0,00
0,00
0,00
7.302,89
022 - tef credito
2.249,60
0,00
0,00
0,00
0,00
2.249,60
023 - tef debito
273,06
0,00
0,00
0,00
0,00
273,06
024 - pos credito
979,72
0,00
0,00
0,00
0,00
979,72
026 - pix no pdv
291,50
0,00
0,00
0,00
0,00
291,50
030 - vale troca
314,27
0,00
0,00
0,00
0,00
314,27
036 - omni
total data:
13.230,96
0,00
0,00
0,00
0,00
13.230,96
data: 03/10/2024
1.435,89
0,00
0,00
0,00
0,00
1.435,89
001 - dinheiro
5.790,85
0,00
0,00
0,00
0,00
5.790,85
022 - tef credito
2.248,99
0,00
0,00
0,00
0,00
2.248,99
023 - tef debito
260,60
0,00
0,00
0,00
0,00
260,60
024 - pos credito
170,92
0,00
0,00
0,00
0,00
170,92
025 - pos debito
2.012,71
0,00
0,00
0,00
0,00
2.012,71
026 - pix no pdv
598,30
0,00
0,00
0,00
0,00
598,30
030 - vale troca
181,60
0,00
0,00
0,00
0,00
181,60
036 - omni
368,80
0,00
0,00
0,00
0,00
368,80
037 - pix bancário
total data:
13.068,66
0,00
0,00
0,00
0,00
13.068,66
data: 04/10/2024
2.578,88
0,00
0,00
0,00
0,00
2.578,88
001 - dinheiro
6.996,55
0,00
0,00
0,00
0,00
6.996,55
022 - tef credito
3.714,12
0,00
0,00
0,00
0,00
3.714,12
023 - tef debito
999,62
0,00
0,00
0,00
0,00
999,62
024 - pos credito
255,60
0,00
0,00
0,00
0,00
255,60
025 - pos debito
1.419,00
0,00
0,00
0,00
0,00
1.419,00
026 - pix no pdv
364,80
0,00
0,00
0,00
0,00
364,80
030 - vale troca
60,00
0,00
0,00
0,00
0,00
60,00
032 - vale presente
148,66
0,00
0,00
0,00
0,00
148,66
036 - omni
292,80
0,00
0,00
0,00
0,00
292,80
037 - pix bancário
total data:
16.830,03
0,00
0,00
0,00
0,00
16.830,03
data: 05/10/2024
1.469,97
0,00
0,00
0,00
0,00
1.469,97
001 - dinheiro
9.759,12
0,00
0,00
0,00
0,00
9.759,12
022 - tef credito
6.039,73
0,00
0,00
0,00
0,00
6.039,73
023 - tef debito
124,90
0,00
0,00
0,00
0,00
124,90
025 - pos debito
2.160,54
0,00
0,00
0,00
0,00
2.160,54
026 - pix no pdv
280,70
0,00
0,00
0,00
0,00
280,70
030 - vale troca
29,45
0,00
0,00
0,00
0,00
29,45
036 - omni
12-05-2025 08:45:58
/4
retaguardagb - 8.0.rc60986
página 1
data: [01/10/2024 a 31/10/2024]; formato: [analitico]; quebra: [data]; transação: [todos]; lojas: [6165]; caixas: [todos];
filtros:
formas de pagamentos
venda (+)
recebimento (+)
desv.moeda
contra-vale
saldo
pagamento (-)
total data:
19.864,41
0,00
0,00
0,00
0,00
19.864,41
data: 07/10/2024
2.005,39
0,00
0,00
0,00
0,00
2.005,39
001 - dinheiro
6.230,45
0,00
0,00
0,00
0,00
6.230,45
022 - tef credito
2.275,19
0,00
0,00
0,00
0,00
2.275,19
023 - tef debito
772,06
0,00
0,00
0,00
0,00
772,06
024 - pos credito
49,91
0,00
0,00
0,00
0,00
49,91
025 - pos debito
2.436,05
0,00
0,00
0,00
0,00
2.436,05
026 - pix no pdv
330,71
0,00
0,00
0,00
0,00
330,71
037 - pix bancário
total data:
14.099,76
0,00
0,00
0,00
0,00
14.099,76
data: 08/10/2024
1.690,02
0,00
0,00
0,00
0,00
1.690,02
001 - dinheiro
6.358,07
0,00
0,00
0,00
0,00
6.358,07
022 - tef credito
2.347,28
0,00
0,00
0,00
0,00
2.347,28
023 - tef debito
1.227,44
0,00
0,00
0,00
0,00
1.227,44
024 - pos credito
296,16
0,00
0,00
0,00
0,00
296,16
025 - pos debito
2.250,03
0,00
0,00
0,00
0,00
2.250,03
026 - pix no pdv
49,90
0,00
0,00
0,00
0,00
49,90
030 - vale troca
59,90
0,00
0,00
0,00
0,00
59,90
036 - omni
129,40
0,00
0,00
0,00
0,00
129,40
037 - pix bancário
total data:
14.408,20
0,00
0,00
0,00
0,00
14.408,20
data: 09/10/2024
3.525,30
0,00
0,00
0,00
0,00
3.525,30
001 - dinheiro
8.423,48
0,00
0,00
0,00
0,00
8.423,48
022 - tef credito
1.819,90
0,00
0,00
0,00
0,00
1.819,90
023 - tef debito
125,31
0,00
0,00
0,00
0,00
125,31
024 - pos credito
89,90
0,00
0,00
0,00
0,00
89,90
025 - pos debito
1.705,87
0,00
0,00
0,00
0,00
1.705,87
026 - pix no pdv
254,80
0,00
0,00
0,00
0,00
254,80
030 - vale troca
335,38
0,00
0,00
0,00
0,00
335,38
036 - omni
total data:
16.279,94
0,00
0,00
0,00
0,00
16.279,94
data: 10/10/2024
1.564,60
0,00
0,00
0,00
0,00
1.564,60
001 - dinheiro
7.128,36
0,00
0,00
0,00
0,00
7.128,36
022 - tef credito
2.629,92
0,00
0,00
0,00
0,00
2.629,92
023 - tef debito
514,65
0,00
0,00
0,00
0,00
514,65
024 - pos credito
292,76
0,00
0,00
0,00
0,00
292,76
025 - pos debito
2.398,04
0,00
0,00
0,00
0,00
2.398,04
026 - pix no pdv
299,60
0,00
0,00
0,00
0,00
299,60
030 - vale troca
331,37
0,00
0,00
0,00
0,00
331,37
036 - omni
total data:
15.159,30
0,00
0,00
0,00
0,00
15.159,30
data: 11/10/2024
3.177,30
0,00
0,00
0,00
0,00
3.177,30
001 - dinheiro
12.526,43
0,00
0,00
0,00
0,00
12.526,43
022 - tef credito
4.941,42
0,00
0,00
0,00
0,00
4.941,42
023 - tef debito
982,39
0,00
0,00
0,00
0,00
982,39
024 - pos credito
548,40
0,00
0,00
0,00
0,00
548,40
025 - pos debito
2.973,15
0,00
0,00
0,00
0,00
2.973,15
026 - pix no pdv
97,80
0,00
0,00
0,00
0,00
97,80
030 - vale troca
239,90
0,00
0,00
0,00
0,00
239,90
036 - omni
12-05-2025 08:45:58
/4
retaguardagb - 8.0.rc60986
página 2
data: [01/10/2024 a 31/10/2024]; formato: [analitico]; quebra: [data]; transação: [todos]; lojas: [6165]; caixas: [todos];
filtros:
formas de pagamentos
venda (+)
recebimento (+)
desv.moeda
contra-vale
saldo
pagamento (-)
total data:
25.486,79
0,00
0,00
0,00
0,00
25.486,79
data: 14/10/2024
1.628,99
0,00
0,00
0,00
0,00
1.628,99
001 - dinheiro
8.307,07
0,00
0,00
0,00
0,00
8.307,07
022 - tef credito
3.128,73
0,00
0,00
0,00
0,00
3.128,73
023 - tef debito
627,12
0,00
0,00
0,00
0,00
627,12
024 - pos credito
109,90
0,00
0,00
0,00
0,00
109,90
025 - pos debito
1.216,02
0,00
0,00
0,00
0,00
1.216,02
026 - pix no pdv
61,90
0,00
0,00
0,00
0,00
61,90
030 - vale troca
65,70
0,00
0,00
0,00
0,00
65,70
037 - pix bancário
total data:
15.145,43
0,00
0,00
0,00
0,00
15.145,43
data: 15/10/2024
1.441,95
0,00
0,00
0,00
0,00
1.441,95
001 - dinheiro
8.296,64
0,00
0,00
0,00
0,00
8.296,64
022 - tef credito
1.964,83
0,00
0,00
0,00
0,00
1.964,83
023 - tef debito
211,49
0,00
0,00
0,00
0,00
211,49
024 - pos credito
50,32
0,00
0,00
0,00
0,00
50,32
025 - pos debito
2.815,03
0,00
0,00
0,00
0,00
2.815,03
026 - pix no pdv
285,60
0,00
0,00
0,00
0,00
285,60
036 - omni
total data:
15.065,86
0,00
0,00
0,00
0,00
15.065,86
data: 16/10/2024
2.147,04
0,00
0,00
0,00
0,00
2.147,04
001 - dinheiro
5.885,73
0,00
0,00
0,00
0,00
5.885,73
022 - tef credito
2.701,35
0,00
0,00
0,00
0,00
2.701,35
023 - tef debito
380,81
0,00
0,00
0,00
0,00
380,81
024 - pos credito
62,90
0,00
0,00
0,00
0,00
62,90
025 - pos debito
1.513,81
0,00
0,00
0,00
0,00
1.513,81
026 - pix no pdv
97,80
0,00
0,00
0,00
0,00
97,80
030 - vale troca
114,90
0,00
0,00
0,00
0,00
114,90
036 - omni
125,40
0,00
0,00
0,00
0,00
125,40
037 - pix bancário
98,76
0,00
0,00
0,00
0,00
98,76
042 - promissoria
total data:
13.128,50
0,00
0,00
0,00
0,00
13.128,50
data: 17/10/2024
1.150,07
0,00
0,00
0,00
0,00
1.150,07
001 - dinheiro
7.531,33
0,00
0,00
0,00
0,00
7.531,33
022 - tef credito
1.540,50
0,00
0,00
0,00
0,00
1.540,50
023 - tef debito
219,90
0,00
0,00
0,00
0,00
219,90
024 - pos credito
1.590,60
0,00
0,00
0,00
0,00
1.590,60
026 - pix no pdv
199,90
0,00
0,00
0,00
0,00
199,90
030 - vale troca
25,90
0,00
0,00
0,00
0,00
25,90
037 - pix bancário
total data:
12.258,20
0,00
0,00
0,00
0,00
12.258,20
data: 18/10/2024
4.448,96
0,00
0,00
0,00
0,00
4.448,96
001 - dinheiro
7.492,65
0,00
0,00
0,00
0,00
7.492,65
022 - tef credito
1.509,63
0,00
0,00
0,00
0,00
1.509,63
023 - tef debito
219,90
0,00
0,00
0,00
0,00
219,90
025 - pos debito
3.531,91
0,00
0,00
0,00
0,00
3.531,91
026 - pix no pdv
339,70
0,00
0,00
0,00
0,00
339,70
030 - vale troca
227,00
0,00
0,00
0,00
0,00
227,00
036 - omni
114,80
0,00
0,00
0,00
0,00
114,80
037 - pix bancário
12-05-2025 08:45:58
/4
retaguardagb - 8.0.rc60986
página 3
