acumulado por dia
nº docto.
data
%
valor
valor
b. cálculo
b. cálculo
%
cálculo do imposto - icms
cálculo do imposto - icms-st
apuração de vendas nfc-e
razão social: pires e guerra ltda - me
período da apuração: 01/05/2022 à 31/05/2022
itabira 
município:
mg
uf:
317.031.341/0097
insc. estadual:
20.959.003/0001-64
cnpj:
tot. oper.
dinheiro
prazo
ch. pré
cartão
banco
ch. vista
c. troca
cfop
cst
0,00
0,00
0,00
0,00
0,00
0,00
0,00
0,00
5316/5335
02/05/2022
5102
255,28
000
24,66
0,00
0,00
0,00
230,62
0,00
0,00
0,00
0,00
0,00
0,00
0,00
0,00
5320/5320
02/05/2022
5102
19,80
040
7,81
0,00
0,00
0,00
11,99
0,00
0,00
0,00
0,00
0,00
0,00
0,00
0,00
5333/5334
02/05/2022
5102
60,00
140
13,71
0,00
0,00
0,00
46,29
0,00
0,00
0,00
0,00
0,00
0,00
0,00
0,00
5318/5328
02/05/2022
5102
91,80
200
15,55
0,00
0,00
0,00
76,25
0,00
0,00
0,00
0,00
0,00
0,00
0,00
0,00
5322/5322
02/05/2022
5102
38,00
500
1,46
0,00
0,00
0,00
36,54
0,00
0,00
0,00
0,00
0,00
0,00
0,00
0,00
5333/5333
02/05/2022
5405
40,00
000
8,15
0,00
0,00
0,00
31,85
0,00
0,00
0,00
0,00
0,00
0,00
0,00
0,00
5315/5322
02/05/2022
5405
117,17
060
17,59
0,00
0,00
0,00
99,58
0,00
0,00
0,00
0,00
0,00
0,00
0,00
0,00
5329/5329
02/05/2022
5405
48,00
160
1,40
0,00
0,00
0,00
46,60
0,00
0,00
0,00
0,00
0,00
0,00
0,00
0,00
5323/5330
02/05/2022
5405
99,70
260
15,61
0,00
0,00
0,00
84,09
0,00
0,00
0,00
0,00
0,00
0,00
0,00
0,00
5335/5335
02/05/2022
5405
21,80
560
1,64
0,00
0,00
0,00
20,16
0,00
0,00
0,00
0,00
0,00
0,00
791,55
107,58
0,00
0,00
0,00
683,97
0,00
0,00
0,00
0,00
0,00
0,00
0,00
0,00
5337/5352
03/05/2022
5102
209,88
000
34,33
0,00
0,00
0,00
175,55
0,00
0,00
0,00
0,00
0,00
0,00
0,00
0,00
5340/5340
03/05/2022
5102
63,60
040
3,54
0,00
0,00
0,00
60,06
0,00
0,00
0,00
0,00
0,00
0,00
0,00
0,00
5340/5351
03/05/2022
5102
74,50
100
12,85
0,00
0,00
0,00
61,65
0,00
0,00
0,00
0,00
0,00
0,00
0,00
0,00
5347/5349
03/05/2022
5102
42,30
200
5,89
0,00
0,00
0,00
36,41
0,00
0,00
0,00
0,00
0,00
0,00
0,00
0,00
5340/5344
03/05/2022
5102
41,00
500
4,96
0,00
0,00
0,00
36,04
0,00
0,00
0,00
0,00
0,00
0,00
0,00
0,00
5336/5341
03/05/2022
5405
21,80
060
4,90
0,00
0,00
0,00
16,90
0,00
0,00
0,00
0,00
0,00
0,00
0,00
0,00
5349/5349
03/05/2022
5405
15,00
260
0,16
0,00
0,00
0,00
14,84
0,00
0,00
0,00
0,00
0,00
0,00
468,08
66,63
0,00
0,00
0,00
401,45
0,00
0,00
0,00
0,00
0,00
0,00
0,00
0,00
5356/5365
04/05/2022
5102
359,09
000
109,16
0,00
0,00
0,00
249,93
0,00
0,00
0,00
0,00
0,00
0,00
0,00
0,00
5353/5364
04/05/2022
5102
82,81
200
60,25
0,00
0,00
0,00
22,56
0,00
0,00
0,00
0,00
0,00
0,00
0,00
0,00
5363/5363
04/05/2022
5405
9,80
060
1,08
0,00
0,00
0,00
8,72
0,00
0,00
0,00
0,00
0,00
0,00
0,00
0,00
5357/5357
04/05/2022
5405
20,70
260
1,81
0,00
0,00
0,00
18,89
0,00
0,00
0,00
0,00
0,00
0,00
0,00
0,00
5354/5354
04/05/2022
5405
7,00
560
7,00
0,00
0,00
0,00
0,00
0,00
0,00
0,00
0,00
0,00
0,00
479,40
179,30
0,00
0,00
0,00
300,10
0,00
0,00
0,00
0,00
0,00
0,00
0,00
0,00
5366/5387
05/05/2022
5102
573,50
000
71,98
0,00
0,00
0,00
501,52
0,00
0,00
0,00
0,00
0,00
0,00
0,00
0,00
5370/5381
05/05/2022
5102
26,40
100
1,67
0,00
0,00
0,00
24,73
0,00
0,00
0,00
0,00
0,00
0,00
0,00
0,00
5368/5384
05/05/2022
5102
42,40
200
10,74
0,00
0,00
0,00
31,66
0,00
0,00
0,00
0,00
0,00
0,00
0,00
0,00
5367/5386
05/05/2022
5102
29,90
500
8,55
0,00
0,00
0,00
21,35
0,00
0,00
0,00
0,00
0,00
0,00
0,00
0,00
5383/5383
05/05/2022
5405
35,00
000
0,00
0,00
0,00
0,00
35,00
0,00
0,00
0,00
0,00
0,00
0,00
0,00
0,00
5371/5387
05/05/2022
5405
132,10
060
7,41
0,00
0,00
0,00
124,69
0,00
0,00
0,00
0,00
0,00
0,00
0,00
0,00
5367/5384
05/05/2022
5405
38,90
560
4,75
0,00
0,00
0,00
34,15
 www.emcsistemas.com.br 
1
acumulado por dia
nº docto.
data
%
valor
valor
b. cálculo
b. cálculo
%
cálculo do imposto - icms
cálculo do imposto - icms-st
apuração de vendas nfc-e
razão social: pires e guerra ltda - me
período da apuração: 01/05/2022 à 31/05/2022
itabira 
município:
mg
uf:
317.031.341/0097
insc. estadual:
20.959.003/0001-64
cnpj:
tot. oper.
dinheiro
prazo
ch. pré
cartão
banco
ch. vista
c. troca
cfop
cst
0,00
0,00
0,00
0,00
0,00
0,00
878,20
105,10
0,00
0,00
0,00
773,10
0,00
0,00
0,00
0,00
0,00
0,00
0,00
0,00
5388/5406
06/05/2022
5102
361,12
000
42,76
0,00
0,00
0,00
318,36
0,00
0,00
0,00
0,00
0,00
0,00
0,00
0,00
5404/5404
06/05/2022
5102
39,60
040
5,60
0,00
0,00
0,00
34,00
0,00
0,00
0,00
0,00
0,00
0,00
0,00
0,00
5396/5398
06/05/2022
5102
37,77
200
9,77
0,00
0,00
0,00
28,00
0,00
0,00
0,00
0,00
0,00
0,00
0,00
0,00
5393/5395
06/05/2022
5102
24,30
500
1,10
0,00
0,00
0,00
23,20
0,00
0,00
0,00
0,00
0,00
0,00
0,00
0,00
5395/5407
06/05/2022
5405
80,80
060
2,20
0,00
0,00
0,00
78,60
0,00
0,00
0,00
0,00
0,00
0,00
0,00
0,00
5392/5403
06/05/2022
5405
126,50
260
10,37
0,00
0,00
0,00
116,13
0,00
0,00
0,00
0,00
0,00
0,00
670,09
71,80
0,00
0,00
0,00
598,29
0,00
0,00
0,00
0,00
0,00
0,00
0,00
0,00
5410/5484
07/05/2022
5102
2.972,33
000
609,97
0,00
0,00
0,00
2.362,36
0,00
0,00
0,00
0,00
0,00
0,00
0,00
0,00
5427/5440
07/05/2022
5102
36,40
040
3,44
0,00
0,00
0,00
32,96
0,00
0,00
0,00
0,00
0,00
0,00
0,00
0,00
5411/5485
07/05/2022
5102
199,60
100
38,43
0,00
0,00
0,00
161,17
0,00
0,00
0,00
0,00
0,00
0,00
0,00
0,00
5415/5483
07/05/2022
5102
358,97
200
102,25
0,00
0,00
0,00
256,72
0,00
0,00
0,00
0,00
0,00
0,00
0,00
0,00
5409/5470
07/05/2022
5102
323,40
500
12,33
0,00
0,00
0,00
311,07
0,00
0,00
0,00
0,00
0,00
0,00
0,00
0,00
5427/5438
07/05/2022
5405
18,89
000
0,71
0,00
0,00
0,00
18,18
0,00
0,00
0,00
0,00
0,00
0,00
0,00
0,00
5408/5476
07/05/2022
5405
702,40
060
162,08
0,00
0,00
0,00
540,32
0,00
0,00
0,00
0,00
0,00
0,00
0,00
0,00
5438/5439
07/05/2022
5405
5,10
160
0,00
0,00
0,00
0,00
5,10
0,00
0,00
0,00
0,00
0,00
0,00
0,00
0,00
5419/5446
07/05/2022
5405
42,80
260
2,89
0,00
0,00
0,00
39,91
0,00
0,00
0,00
0,00
0,00
0,00
0,00
0,00
5416/5462
07/05/2022
5405
9,00
560
1,51
0,00
0,00
0,00
7,49
0,00
0,00
0,00
0,00
0,00
0,00
4.668,89
933,61
0,00
0,00
0,00
3.735,28
0,00
0,00
0,00
0,00
0,00
0,00
0,00
0,00
5489/5541
09/05/2022
5102
1.911,05
000
341,47
0,00
0,00
0,00
1.569,58
0,00
0,00
0,00
0,00
0,00
0,00
0,00
0,00
5494/5530
09/05/2022
5102
52,89
040
15,06
0,00
0,00
0,00
37,83
0,00
0,00
0,00
0,00
0,00
0,00
0,00
0,00
5503/5532
09/05/2022
5102
1,69
100
0,50
0,00
0,00
0,00
1,19
0,00
0,00
0,00
0,00
0,00
0,00
0,00
0,00
5511/5540
09/05/2022
5102
105,80
200
13,04
0,00
0,00
0,00
92,76
0,00
0,00
0,00
0,00
0,00
0,00
0,00
0,00
5486/5539
09/05/2022
5102
149,20
500
6,13
0,00
0,00
0,00
143,07
0,00
0,00
0,00
0,00
0,00
0,00
0,00
0,00
5488/5513
09/05/2022
5405
71,87
000
5,64
0,00
0,00
0,00
66,23
0,00
0,00
0,00
0,00
0,00
0,00
0,00
0,00
5489/5542
09/05/2022
5405
393,80
060
50,42
0,00
0,00
0,00
343,38
0,00
0,00
0,00
0,00
0,00
0,00
0,00
0,00
5512/5542
09/05/2022
5405
135,80
160
22,56
0,00
0,00
0,00
113,24
0,00
0,00
0,00
0,00
0,00
0,00
0,00
0,00
5490/5497
09/05/2022
5405
22,36
260
0,00
0,00
0,00
0,00
22,36
0,00
0,00
0,00
0,00
0,00
0,00
0,00
0,00
5505/5538
09/05/2022
5405
104,90
560
14,54
0,00
0,00
0,00
90,36
0,00
0,00
0,00
0,00
0,00
0,00
2.949,36
469,36
0,00
0,00
0,00
2.480,00
0,00
0,00
0,00
0,00
0,00
0,00
0,00
0,00
4672/5593
11/05/2022
5102
1.051,80
000
210,91
0,00
0,00
0,00
840,89
0,00
0,00
0,00
0,00
0,00
0,00
0,00
0,00
5582/5595
11/05/2022
5102
47,10
100
18,90
0,00
0,00
0,00
28,20
 www.emcsistemas.com.br 
2
acumulado por dia
nº docto.
data
%
valor
valor
b. cálculo
b. cálculo
%
cálculo do imposto - icms
cálculo do imposto - icms-st
apuração de vendas nfc-e
razão social: pires e guerra ltda - me
período da apuração: 01/05/2022 à 31/05/2022
itabira 
município:
mg
uf:
317.031.341/0097
insc. estadual:
20.959.003/0001-64
cnpj:
tot. oper.
dinheiro
prazo
ch. pré
cartão
banco
ch. vista
c. troca
cfop
cst
0,00
0,00
0,00
0,00
0,00
0,00
0,00
0,00
5553/5592
11/05/2022
5102
286,20
200
28,23
0,00
0,00
0,00
257,97
0,00
0,00
0,00
0,00
0,00
0,00
0,00
0,00
4235/4235
11/05/2022
5102
7,98
400
0,98
0,00
0,00
0,00
7,00
0,00
0,00
0,00
0,00
0,00
0,00
0,00
0,00
5550/5587
11/05/2022
5102
104,17
500
8,98
0,00
0,00
0,00
95,19
0,00
0,00
0,00
0,00
0,00
0,00
0,00
0,00
5543/5595
11/05/2022
5405
198,90
060
39,44
0,00
0,00
0,00
159,46
0,00
0,00
0,00
0,00
0,00
0,00
0,00
0,00
4691/5567
11/05/2022
5405
57,60
260
15,20
0,00
0,00
0,00
42,40
0,00
0,00
0,00
0,00
0,00
0,00
0,00
0,00
5551/5594
11/05/2022
5405
152,90
560
26,14
0,00
0,00
0,00
126,76
0,00
0,00
0,00
0,00
0,00
0,00
1.906,65
348,78
0,00
0,00
0,00
1.557,87
0,00
0,00
0,00
0,00
0,00
0,00
0,00
0,00
4145/5612
12/05/2022
5102
755,92
000
92,65
0,00
0,00
0,00
663,27
0,00
0,00
0,00
0,00
0,00
0,00
0,00
0,00
5610/5614
12/05/2022
5102
18,00
100
13,50
0,00
0,00
0,00
4,50
0,00
0,00
0,00
0,00
0,00
0,00
0,00
0,00
4157/5613
12/05/2022
5102
121,10
200
42,47
0,00
0,00
0,00
78,63
0,00
0,00
0,00
0,00
0,00
0,00
0,00
0,00
5604/5604
12/05/2022
5405
4,00
000
0,06
0,00
0,00
0,00
3,94
0,00
0,00
0,00
0,00
0,00
0,00
0,00
0,00
4234/5608
12/05/2022
5405
159,80
060
11,06
0,00
0,00
0,00
148,74
0,00
0,00
0,00
0,00
0,00
0,00
0,00
0,00
5137/5137
12/05/2022
5405
14,00
160
2,19
0,00
0,00
0,00
11,81
0,00
0,00
0,00
0,00
0,00
0,00
0,00
0,00
5604/5606
12/05/2022
5405
82,98
260
1,37
0,00
0,00
0,00
81,61
0,00
0,00
0,00
0,00
0,00
0,00
1.155,80
163,30
0,00
0,00
0,00
992,50
0,00
0,00
0,00
0,00
0,00
0,00
0,00
0,00
5615/5641
13/05/2022
5102
781,18
000
57,04
0,00
0,00
0,00
724,14
0,00
0,00
0,00
0,00
0,00
0,00
0,00
0,00
5622/5622
13/05/2022
5102
10,00
040
0,71
0,00
0,00
0,00
9,29
0,00
0,00
0,00
0,00
0,00
0,00
0,00
0,00
5619/5637
13/05/2022
5102
61,50
200
4,00
0,00
0,00
0,00
57,50
0,00
0,00
0,00
0,00
0,00
0,00
0,00
0,00
5636/5636
13/05/2022
5102
4,80
500
0,00
0,00
0,00
0,00
4,80
0,00
0,00
0,00
0,00
0,00
0,00
0,00
0,00
5622/5628
13/05/2022
5405
69,90
060
6,59
0,00
0,00
0,00
63,31
0,00
0,00
0,00
0,00
0,00
0,00
0,00
0,00
5621/5640
13/05/2022
5405
57,50
260
9,80
0,00
0,00
0,00
47,70
0,00
0,00
0,00
0,00
0,00
0,00
0,00
0,00
5616/5616
13/05/2022
5405
17,80
560
4,54
0,00
0,00
0,00
13,26
0,00
0,00
0,00
0,00
0,00
0,00
1.002,68
82,68
0,00
0,00
0,00
920,00
0,00
0,00
0,00
0,00
0,00
0,00
0,00
0,00
5642/5648
14/05/2022
5102
133,82
000
1,71
0,00
0,00
0,00
132,11
0,00
0,00
0,00
0,00
0,00
0,00
0,00
0,00
5643/5645
14/05/2022
5102
3,24
100
0,00
0,00
0,00
0,00
3,24
0,00
0,00
0,00
0,00
0,00
0,00
0,00
0,00
5643/5649
14/05/2022
5102
34,62
200
0,59
0,00
0,00
0,00
34,03
0,00
0,00
0,00
0,00
0,00
0,00
0,00
0,00
5644/5644
14/05/2022
5102
29,00
400
3,00
0,00
0,00
0,00
26,00
0,00
0,00
0,00
0,00
0,00
0,00
0,00
0,00
5643/5647
14/05/2022
5102
51,26
500
0,80
0,00
0,00
0,00
50,46
0,00
0,00
0,00
0,00
0,00
0,00
0,00
0,00
5643/5643
14/05/2022
5405
5,13
060
0,00
0,00
0,00
0,00
5,13
0,00
0,00
0,00
0,00
0,00
0,00
0,00
0,00
5643/5643
14/05/2022
5405
12,59
160
0,00
0,00
0,00
0,00
12,59
0,00
0,00
0,00
0,00
0,00
0,00
0,00
0,00
5642/5645
14/05/2022
5405
11,93
560
0,39
0,00
0,00
0,00
11,54
0,00
0,00
0,00
0,00
0,00
0,00
281,59
6,49
0,00
0,00
0,00
275,10
 www.emcsistemas.com.br 
3
