jg sul
07:41:49
01/03/2023
títulos liquidados por portador
contab
período de pagamento:
a
01/02/2023
28/02/2023
atividade:
todas
28/02/2023
a
01/02/2023
período de contabilização:
tipo de operação: todos
tipo carteira:
estabelecimento:
1, 2
documento:
adc, chq, faa, fat, frt, rec
0, 10, 85, 237, 9999
portador:
pagamento
título
emissão
vencimento
valor
val. pagamento
juros
desconto
atr.
cheque
cta.fin.
abatimento
despesas
dpl.
doc.
est.
portador:
-
85
ailos - civia jg
01/02/23
58568
02
18/01/23
03/02/23
4.500,00
4.500,00
0,00
0,00
0
2730202
10013
0,00
0,00
fat
1
4.500,00
4.500,00
0,00
0,00
0,00
0,00
total do dia
01/02/23
total recebido
4.500,00
02/02/23
58543
01
18/01/23
03/02/23
418,78
418,78
0,00
0,00
0
2740302
10013
0,00
0,00
fat
1
02/02/23
58545
01
18/01/23
03/02/23
244,91
244,91
0,00
0,00
0
2730202
10013
0,00
0,00
fat
1
02/02/23
58548
01
18/01/23
03/02/23
154,76
154,76
0,00
0,00
0
2730202
10013
0,00
0,00
fat
1
02/02/23
58556
01
18/01/23
03/02/23
727,33
727,33
0,00
0,00
0
2740302
10013
0,00
0,00
fat
1
02/02/23
58564
01
18/01/23
03/02/23
206,16
206,16
0,00
0,00
0
2730202
10013
0,00
0,00
fat
1
02/02/23
58567
01
18/01/23
03/02/23
225,00
225,00
0,00
0,00
0
2730202
10013
0,00
0,00
fat
1
02/02/23
58568
03
18/01/23
07/02/23
4.500,00
4.500,00
0,00
0,00
0
2740302
10013
0,00
0,00
fat
1
6.476,94
6.476,94
0,00
0,00
0,00
0,00
total do dia
02/02/23
total recebido
6.476,94
03/02/23
58531
01
18/01/23
03/02/23
830,00
830,00
0,00
0,00
0
2750602
10013
0,00
0,00
fat
1
03/02/23
58535
01
18/01/23
03/02/23
140,00
140,00
0,00
0,00
0
2740302
10013
0,00
0,00
fat
1
03/02/23
58541
01
18/01/23
03/02/23
148,92
148,92
0,00
0,00
0
2750602
10013
0,00
0,00
fat
1
03/02/23
58544
01
18/01/23
03/02/23
977,00
977,00
0,00
0,00
0
2750602
10013
0,00
0,00
fat
1
03/02/23
58555
01
18/01/23
03/02/23
751,73
751,73
0,00
0,00
0
2750602
10013
0,00
0,00
fat
1
03/02/23
58558
01
18/01/23
03/02/23
1.357,40
1.357,40
0,00
0,00
0
2750602
10013
0,00
0,00
fat
1
03/02/23
58560
01
18/01/23
03/02/23
135,72
135,72
0,00
0,00
0
2740302
10013
0,00
0,00
fat
1
03/02/23
58569
01
18/01/23
03/02/23
4.818,80
4.818,80
0,00
0,00
0
2750602
10013
0,00
0,00
fat
1
03/02/23
58571
01
18/01/23
03/02/23
400,00
400,00
0,00
0,00
0
2750602
10013
0,00
0,00
fat
1
03/02/23
58572
01
18/01/23
03/02/23
330,00
330,00
0,00
0,00
0
2750602
10013
0,00
0,00
fat
1
03/02/23
58579
01
18/01/23
03/02/23
450,00
450,00
0,00
0,00
0
2750602
10013
0,00
0,00
fat
1
10.339,57
10.339,57
0,00
0,00
0,00
0,00
total do dia
03/02/23
total recebido
10.339,57
06/02/23
58530
01
18/01/23
03/02/23
140,00
140,00
0,00
0,00
3
2750602
10013
0,00
0,00
fat
1
06/02/23
58533
01
18/01/23
03/02/23
630,00
630,00
0,00
0,00
3
2750602
10013
0,00
0,00
fat
1
06/02/23
58537
01
18/01/23
03/02/23
369,19
369,19
0,00
0,00
3
2750602
10013
0,00
0,00
fat
1
rbcr540r
sil sistemas - copyright 2023
página: 1/20
jg sul
07:41:50
01/03/2023
títulos liquidados por portador
contab
pagamento
título
emissão
vencimento
valor
val. pagamento
juros
desconto
atr.
cheque
cta.fin.
abatimento
despesas
dpl.
doc.
est.
portador:
-
85
ailos - civia jg
06/02/23
58546
01
18/01/23
03/02/23
140,00
140,00
0,00
0,00
3
2750602
10013
0,00
0,00
fat
1
06/02/23
58557
01
18/01/23
03/02/23
903,60
903,60
0,00
0,00
3
2750602
10013
0,00
0,00
fat
1
06/02/23
58562
01
18/01/23
03/02/23
303,49
303,49
0,00
0,00
3
2750602
10013
0,00
0,00
fat
1
06/02/23
58563
01
18/01/23
03/02/23
196,99
196,99
0,00
0,00
3
2750602
10013
0,00
0,00
fat
1
06/02/23
58568
04
18/01/23
08/02/23
716,60
716,60
0,00
0,00
0
2760702
10013
0,00
0,00
fat
1
06/02/23
58576
01
18/01/23
03/02/23
80,00
80,00
0,00
0,00
3
2750602
10013
0,00
0,00
fat
1
06/02/23
58580
01
18/01/23
03/02/23
110,00
110,00
0,00
0,00
3
2750602
10013
0,00
0,00
fat
1
3.589,87
3.589,87
0,00
0,00
0,00
0,00
total do dia
06/02/23
total recebido
3.589,87
07/02/23
58534
01
18/01/23
03/02/23
208,10
208,10
5,09
0,00
4
2760702
10013
0,00
0,00
fat
1
07/02/23
58542
01
18/01/23
03/02/23
810,97
810,97
19,87
0,00
4
2760702
10013
0,00
0,00
fat
1
07/02/23
58552
01
18/01/23
03/02/23
341,60
341,60
8,36
0,00
4
2760702
10013
0,00
0,00
fat
1
07/02/23
58566
01
18/01/23
03/02/23
456,84
456,84
11,20
0,00
4
2760702
10013
0,00
0,00
fat
1
07/02/23
58779
01
26/01/23
10/02/23
771,44
771,44
0,00
0,00
0
2770802
10013
0,00
0,00
fat
1
2.588,95
2.588,95
44,52
0,00
0,00
0,00
total do dia
07/02/23
total recebido
2.633,47
08/02/23
58549
01
18/01/23
03/02/23
424,80
424,80
11,05
0,00
5
2770802
10013
0,00
0,00
fat
1
08/02/23
58559
01
18/01/23
03/02/23
1.001,69
1.001,69
26,03
0,00
5
2770802
10013
0,00
0,00
fat
1
08/02/23
58570
01
18/01/23
08/02/23
796,50
796,50
0,00
0,00
0
2780902
10013
0,00
0,00
fat
1
08/02/23
58573
01
18/01/23
03/02/23
197,33
197,33
0,00
0,00
5
10013
0,00
0,00
fat
1
08/02/23
58715
01
24/01/23
07/02/23
6.740,89
6.740,89
0,00
0,00
1
2770802
10013
0,00
0,00
fat
1
08/02/23
58716
01
24/01/23
07/02/23
1.204,56
1.204,56
0,00
0,00
1
2770802
10013
0,00
0,00
fat
1
08/02/23
58717
01
24/01/23
07/02/23
209,97
209,97
0,00
0,00
1
2770802
10013
0,00
0,00
fat
1
08/02/23
58747
01
26/01/23
10/02/23
4.500,00
4.500,00
0,00
0,00
0
2780902
10013
0,00
0,00
fat
1
08/02/23
58747
02
26/01/23
14/02/23
4.500,00
4.500,00
0,00
0,00
0
2780902
10013
0,00
0,00
fat
1
08/02/23
58747
03
26/01/23
16/02/23
1.932,87
1.932,87
0,00
0,00
0
2780902
10013
0,00
0,00
fat
1
21.508,61
21.508,61
37,08
0,00
0,00
0,00
total do dia
08/02/23
total recebido
21.545,69
09/02/23
58561
01
18/01/23
08/02/23
477,67
477,67
0,00
0,00
1
2780902
10013
0,00
0,00
fat
1
09/02/23
58565
01
18/01/23
03/02/23
175,77
175,77
4,81
0,00
6
2780902
10013
0,00
0,00
fat
1
653,44
653,44
4,81
0,00
0,00
0,00
total do dia
09/02/23
total recebido
658,25
10/02/23
58547
01
18/01/23
03/02/23
414,57
414,57
12,01
0,00
7
2791002
10013
0,00
0,00
fat
1
rbcr540r
sil sistemas - copyright 2023
página: 2/20
jg sul
07:41:50
01/03/2023
títulos liquidados por portador
contab
pagamento
título
emissão
vencimento
valor
val. pagamento
juros
desconto
atr.
cheque
cta.fin.
abatimento
despesas
dpl.
doc.
est.
portador:
-
85
ailos - civia jg
414,57
414,57
12,01
0,00
0,00
0,00
total do dia
10/02/23
total recebido
426,58
13/02/23
58582
01
18/01/23
15/02/23
1.132,62
1.132,62
0,00
0,00
0
2801402
10013
0,00
0,00
fat
1
13/02/23
58584
01
18/01/23
15/02/23
1.098,45
1.098,45
0,00
0,00
0
2801402
10013
0,00
0,00
fat
1
13/02/23
58586
01
18/01/23
15/02/23
3.688,47
3.688,47
0,00
0,00
0
2801402
10013
0,00
0,00
fat
1
5.919,54
5.919,54
0,00
0,00
0,00
0,00
total do dia
13/02/23
total recebido
5.919,54
14/02/23
57715
01
13/12/22
29/12/22
110,00
110,00
0,00
0,00
47
10013
0,00
0,00
fat
1
110,00
110,00
0,00
0,00
0,00
0,00
total do dia
14/02/23
total recebido
110,00
15/02/23
58581
01
18/01/23
15/02/23
2.661,69
2.661,69
0,00
0,00
0
2821602
10013
0,00
0,00
fat
1
15/02/23
58583
01
18/01/23
15/02/23
1.002,03
1.002,03
0,00
0,00
0
2821602
10013
0,00
0,00
fat
1
15/02/23
58587
01
18/01/23
15/02/23
398,79
398,79
0,00
0,00
0
2821602
10013
0,00
0,00
fat
1
15/02/23
58588
01
18/01/23
15/02/23
396,57
396,57
0,00
0,00
0
2821602
10013
0,00
0,00
fat
1
15/02/23
58589
01
18/01/23
15/02/23
286,77
286,77
0,00
0,00
0
2821602
10013
0,00
0,00
fat
1
15/02/23
58590
01
18/01/23
15/02/23
428,88
428,88
0,00
0,00
0
2821602
10013
0,00
0,00
fat
1
15/02/23
58765
01
26/01/23
23/02/23
332,84
332,84
0,00
0,00
0
2821602
10013
0,00
0,00
fat
1
15/02/23
58781
01
30/01/23
14/02/23
10.679,59
10.679,59
0,00
0,00
1
2811502
10013
0,00
0,00
fat
1
15/02/23
58782
01
30/01/23
14/02/23
1.713,52
1.713,52
0,00
0,00
1
2811502
10013
0,00
0,00
fat
1
15/02/23
58783
01
30/01/23
14/02/23
4.323,35
4.323,35
0,00
0,00
1
2811502
10013
0,00
0,00
fat
1
22.224,03
22.224,03
0,00
0,00
0,00
0,00
total do dia
15/02/23
total recebido
22.224,03
16/02/23
57773
01
13/12/22
29/12/22
2.536,33
2.536,33
0,00
0,00
49
10013
0,00
0,00
fat
1
16/02/23
58300
01
03/01/23
23/01/23
1.152,03
1.152,03
0,00
0,00
24
10013
0,00
0,00
fat
1
16/02/23
58585
01
18/01/23
15/02/23
1.019,52
1.019,52
21,92
0,00
1
2831702
10013
0,00
0,00
fat
1
16/02/23
58591
01
18/01/23
15/02/23
739,16
739,16
15,89
0,00
1
2831702
10013
0,00
0,00
fat
1
5.447,04
5.447,04
37,81
0,00
0,00
0,00
total do dia
16/02/23
total recebido
5.484,85
17/02/23
58738
01
26/01/23
23/02/23
541,98
541,98
0,00
0,00
0
2842002
10013
0,00
0,00
fat
1
17/02/23
58744
01
26/01/23
23/02/23
269,22
269,22
0,00
0,00
0
2842002
10013
0,00
0,00
fat
1
17/02/23
58976
01
06/02/23
21/02/23
160,00
160,00
0,00
0,00
0
2842002
10013
0,00
0,00
fat
1
rbcr540r
sil sistemas - copyright 2023
página: 3/20
jg sul
07:41:50
01/03/2023
títulos liquidados por portador
contab
pagamento
título
emissão
vencimento
valor
val. pagamento
juros
desconto
atr.
cheque
cta.fin.
abatimento
despesas
dpl.
doc.
est.
portador:
-
85
ailos - civia jg
971,20
971,20
0,00
0,00
0,00
0,00
total do dia
17/02/23
total recebido
971,20
22/02/23
58745
01
26/01/23
23/02/23
200,22
200,22
0,00
0,00
0
2852302
10013
0,00
0,00
fat
1
22/02/23
58762
01
26/01/23
23/02/23
851,49
851,49
0,00
0,00
0
2852302
10013
0,00
0,00
fat
1
22/02/23
58777
01
26/01/23
23/02/23
819,15
819,15
0,00
0,00
0
2852302
10013
0,00
0,00
fat
1
22/02/23
58975
01
03/02/23
17/02/23
902,32
902,32
0,00
0,00
5
2842002
10013
0,00
0,00
fat
1
22/02/23
58977
01
06/02/23
21/02/23
17.036,24
17.036,24
0,00
0,00
1
2852302
10013
0,00
0,00
fat
1
22/02/23
58978
01
06/02/23
21/02/23
1.739,76
1.739,76
0,00
0,00
1
2852302
10013
0,00
0,00
fat
1
22/02/23
58979
01
06/02/23
21/02/23
6.680,97
6.680,97
0,00
0,00
1
2852302
10013
0,00
0,00
fat
1
22/02/23
58981
01
06/02/23
21/02/23
110,00
110,00
0,00
0,00
1
2852302
10013
0,00
0,00
fat
1
22/02/23
58982
01
06/02/23
21/02/23
465,41
465,41
0,00
0,00
1
2852302
10013
0,00
0,00
fat
1
22/02/23
58983
01
06/02/23
21/02/23
3.343,18
3.343,18
0,00
0,00
1
2852302
10013
0,00
0,00
fat
1
22/02/23
58984
01
06/02/23
21/02/23
268,62
268,62
0,00
0,00
1
2852302
10013
0,00
0,00
fat
1
22/02/23
58985
01
06/02/23
21/02/23
177,30
177,30
0,00
0,00
1
2852302
10013
0,00
0,00
fat
1
32.594,66
32.594,66
0,00
0,00
0,00
0,00
total do dia
22/02/23
total recebido
32.594,66
23/02/23
58742
01
26/01/23
23/02/23
738,75
738,75
0,00
0,00
0
2862402
10013
0,00
0,00
fat
1
23/02/23
58743
01
26/01/23
23/02/23
334,37
334,37
0,00
0,00
0
2862402
10013
0,00
0,00
fat
1
23/02/23
58749
01
26/01/23
23/02/23
589,61
589,61
0,00
0,00
0
2862402
10013
0,00
0,00
fat
1
23/02/23
58750
01
26/01/23
23/02/23
156,46
156,46
0,00
0,00
0
2862402
10013
0,00
0,00
fat
1
23/02/23
58751
01
26/01/23
23/02/23
510,71
510,71
0,00
0,00
0
2862402
10013
0,00
0,00
fat
1
23/02/23
58752
01
26/01/23
23/02/23
489,46
489,46
0,00
0,00
0
2862402
10013
0,00
0,00
fat
1
23/02/23
58753
01
26/01/23
23/02/23
959,95
959,95
0,00
0,00
0
2862402
10013
0,00
0,00
fat
1
23/02/23
58754
01
26/01/23
23/02/23
770,13
770,13
0,00
0,00
0
2862402
10013
0,00
0,00
fat
1
23/02/23
58757
01
26/01/23
23/02/23
1.184,57
1.184,57
0,00
0,00
0
2862402
10013
0,00
0,00
fat
1
23/02/23
58759
01
26/01/23
23/02/23
438,12
438,12
0,00
0,00
0
2862402
10013
0,00
0,00
fat
1
23/02/23
58760
01
26/01/23
23/02/23
317,97
317,97
0,00
0,00
0
2862402
10013
0,00
0,00
fat
1
23/02/23
58764
01
26/01/23
23/02/23
2.284,98
2.284,98
0,00
0,00
0
2862402
10013
0,00
0,00
fat
1
23/02/23
58766
01
26/01/23
23/02/23
576,72
576,72
0,00
0,00
0
2862402
10013
0,00
0,00
fat
1
23/02/23
58767
01
26/01/23
23/02/23
800,50
800,50
0,00
0,00
0
2862402
10013
0,00
0,00
fat
1
23/02/23
58768
01
26/01/23
23/02/23
447,52
447,52
0,00
0,00
0
2862402
10013
0,00
0,00
fat
1
23/02/23
58769
01
26/01/23
23/02/23
1.148,09
1.148,09
0,00
0,00
0
2862402
10013
0,00
0,00
fat
1
23/02/23
58770
01
26/01/23
23/02/23
1.349,88
1.349,88
0,00
0,00
0
2862402
10013
0,00
0,00
fat
1
23/02/23
58772
01
26/01/23
23/02/23
1.137,40
1.137,40
0,00
0,00
0
2862402
10013
0,00
0,00
fat
1
23/02/23
58773
01
26/01/23
23/02/23
262,72
262,72
0,00
0,00
0
2862402
10013
0,00
0,00
fat
1
rbcr540r
sil sistemas - copyright 2023
página: 4/20
jg sul
07:41:50
01/03/2023
títulos liquidados por portador
contab
pagamento
título
emissão
vencimento
valor
val. pagamento
juros
desconto
atr.
cheque
cta.fin.
abatimento
despesas
dpl.
doc.
est.
portador:
-
85
ailos - civia jg
23/02/23
58775
01
26/01/23
23/02/23
457,90
457,90
0,00
0,00
0
2862402
10013
0,00
0,00
fat
1
23/02/23
58776
01
26/01/23
23/02/23
1.052,56
1.052,56
0,00
0,00
0
2862402
10013
0,00
0,00
fat
1
23/02/23
58778
01
26/01/23
23/02/23
259,57
259,57
0,00
0,00
0
2862402
10013
0,00
0,00
fat
1
23/02/23
58986
01
06/02/23
21/02/23
220,00
220,00
5,06
0,00
2
2862402
10013
0,00
0,00
fat
1
23/02/23
58987
01
06/02/23
21/02/23
200,00
200,00
4,60
0,00
2
2862402
10013
0,00
0,00
fat
1
23/02/23
59340
01
13/02/23
28/02/23
385,65
385,65
0,00
0,00
0
2862402
10013
0,00
0,00
fat
1
23/02/23
59704
01
23/02/23
23/02/23
900,00
900,00
0,00
0,00
0
10013
0,00
0,00
fat
1
23/02/23
59706
01
23/02/23
23/02/23
930,00
930,00
0,00
0,00
0
10013
0,00
0,00
fat
1
18.903,59
18.903,59
9,66
0,00
0,00
0,00
total do dia
23/02/23
total recebido
18.913,25
24/02/23
58740
01
26/01/23
23/02/23
299,59
299,59
6,44
0,00
1
2882702
10013
0,00
0,00
fat
1
24/02/23
58746
01
26/01/23
23/02/23
414,89
414,89
8,91
0,00
1
2882702
10013
0,00
0,00
fat
1
24/02/23
58755
01
26/01/23
23/02/23
545,40
545,40
0,00
0,00
1
2862402
10013
0,00
0,00
fat
1
24/02/23
58756
01
26/01/23
23/02/23
2.380,97
2.380,97
51,18
0,00
1
2882702
10013
0,00
0,00
fat
1
24/02/23
58758
01
26/01/23
23/02/23
2.388,87
2.388,87
51,35
0,00
1
2882702
10013
0,00
0,00
fat
1
24/02/23
58761
01
26/01/23
23/02/23
292,35
292,35
6,28
0,00
1
2882702
10013
0,00
0,00
fat
1
24/02/23
58774
01
26/01/23
23/02/23
537,50
537,50
11,56
0,00
1
2882702
10013
0,00
0,00
fat
1
24/02/23
58780
01
26/01/23
23/02/23
248,96
248,96
0,00
0,00
1
2862402
10013
0,00
0,00
fat
1
24/02/23
58980
01
06/02/23
21/02/23
1.442,20
1.442,20
35,32
0,00
3
2882702
10013
0,00
0,00
fat
1
24/02/23
59344
01
13/02/23
28/02/23
240,00
240,00
0,00
0,00
0
2882702
10013
0,00
0,00
fat
1
24/02/23
59345
01
13/02/23
28/02/23
90,00
90,00
0,00
0,00
0
2862402
10013
0,00
0,00
fat
1
8.880,73
8.880,73
171,04
0,00
0,00
0,00
total do dia
24/02/23
total recebido
9.051,77
27/02/23
58739
01
26/01/23
23/02/23
601,02
601,02
15,62
0,00
4
2892802
10013
0,00
0,00
fat
1
27/02/23
58771
01
26/01/23
23/02/23
294,63
294,63
7,65
0,00
4
2892802
10013
0,00
0,00
fat
1
27/02/23
58988
01
06/02/23
25/02/23
5.700,00
5.700,00
0,00
0,00
2
2892802
10013
0,00
0,00
fat
1
27/02/23
59332
01
13/02/23
28/02/23
2.388,87
2.388,87
0,00
0,00
0
2892802
10013
0,00
0,00
fat
1
27/02/23
59334
01
13/02/23
28/02/23
453,16
453,16
0,00
0,00
0
2892802
10013
0,00
0,00
fat
1
27/02/23
59346
01
13/02/23
28/02/23
140,00
140,00
0,00
0,00
0
2892802
10013
0,00
0,00
fat
1
27/02/23
59652
01
22/02/23
09/03/23
90,00
90,00
0,00
0,00
0
2882702
10013
0,00
0,00
fat
1
27/02/23
59711
01
27/02/23
20/03/23
6.067,00
6.067,00
0,00
0,00
0
10013
0,00
0,00
fat
1
15.734,68
15.734,68
23,27
0,00
0,00
0,00
total do dia
27/02/23
total recebido
15.757,95
28/02/23
59331
01
13/02/23
28/02/23
970,30
970,30
0,00
0,00
0
2900103
10013
0,00
0,00
fat
1
rbcr540r
sil sistemas - copyright 2023
página: 5/20
