geon industria e comercio ltda
)
(
emissão :
16:00
07/02/2023
página: 0002
relatório da consulta de notas fiscais
16352
período: 
01/12/2022 a 31/12/2022
vl. icms
número
vl. ipi
vl. outras
esp.
data
série
vl contábil
cfop
kbl accounting contabilidade emp
todos os códigos fiscais.
todos os fornecedores.
000847546
1,51
0,00
0,00
20/12/2022
002
8,87
1201
000008244
986,44
0,00
0,00
28/12/2022
001
8.220,30
2201
000004314
0,00
0,00
01/12/2022
1
2.200,00
1352
000026147
0,00
149,35
07/12/2022
3
149,35
1352
000026346
0,00
127,69
28/12/2022
3
127,69
1352
000011359
0,00
0,00
486,01
29/12/2022
001
486,01
1556
008642281
0,00
0,00
88,00
29/12/2022
001
88,00
1556
000630093
0,00
0,00
6.474,15
01/12/2022
001
6.474,15
1556
000049891
0,00
0,00
546,96
01/12/2022
001
629,00
2556
000010229
0,00
0,00
3.122,83
02/12/2022
001
3.122,83
1556
000011460
0,00
0,00
668,39
03/12/2022
001
668,39
1556
000188742
0,00
0,00
2.804,29
22/12/2022
001
2.840,75
2556
000012762
0,00
0,00
120,00
22/12/2022
001
120,00
1556
000630093
0,00
0,00
615,93
01/12/2022
001
615,93
1407
000060912
0,00
0,00
250,00
16/12/2022
001
250,00
1556
000000282
0,00
0,00
98,40
15/12/2022
001
98,40
2556
000060780
0,00
0,00
250,00
13/12/2022
001
250,00
1556
000000547
0,00
0,00
519,21
07/12/2022
001
519,21
1556
000008558
0,00
0,00
2.681,50
06/12/2022
001
2.855,79
2556
000060818
0,00
0,00
583,05
07/12/2022
001
583,05
1556
051011590
0,00
0,00
990,00
16/12/2022
001
990,00
1556
000026896
0,00
0,00
75,60
07/12/2022
001
75,60
1407
000026896
0,00
0,00
3.650,80
07/12/2022
001
3.650,80
1556
000026896
0,00
0,00
0,00
07/12/2022
001
35,10
1556
000035097
0,00
0,00
1.623,24
07/12/2022
001
1.866,73
1556
000000067
0,00
0,00
42,90
07/12/2022
001
42,90
1556
000000067
0,00
0,00
0,00
07/12/2022
001
179,10
1556
000000190
0,00
0,00
680,00
08/12/2022
001
680,00
1556
000061114
0,00
0,00
26,33
08/12/2022
002
26,33
1556
000773937
0,00
0,00
72,36
08/12/2022
001
72,36
1556
008642186
0,00
0,00
36,00
15/12/2022
001
36,00
1556
008642134
0,00
0,00
42,00
08/12/2022
001
42,00
1556
000252627
0,00
0,00
585,00
23/12/2022
003
585,00
1556
000013311
0,00
0,00
934,51
22/12/2022
001
934,51
1556
000035135
0,00
0,00
20.026,44
09/12/2022
001
23.030,41
1556
000000054
0,00
0,00
80,00
10/12/2022
001
80,00
1556
000000055
0,00
0,00
130,00
10/12/2022
001
130,00
1556
000039421
0,00
0,00
210,00
22/12/2022
001
210,00
1556
000000235
0,00
0,00
1.032,00
22/12/2022
001
1.032,00
1556
000012770
0,00
0,00
570,00
28/12/2022
001
570,00
1556
000009286
0,00
0,00
2.040,00
12/12/2022
001
2.223,00
1556
000002825
0,00
0,00
912,90
12/12/2022
001
912,90
1556
000774924
0,00
0,00
152,40
12/12/2022
001
152,40
1556
001589699
0,00
0,00
420,00
12/12/2022
002
420,00
1556
000007130
0,00
0,00
2.441,20
14/12/2022
001
2.441,20
1556
000040538
0,00
0,00
3.750,00
01/12/2022
001
3.750,00
1556
000003160
0,00
0,00
69,00
15/12/2022
001
69,00
1556
000000574
0,00
0,00
764,73
21/12/2022
001
764,73
1556
000097700
0,00
189,00
12/12/2022
11
189,00
2352
000292506
13,55
0,00
12/12/2022
0
193,61
2352
000292217
0,00
112,87
07/12/2022
0
112,87
2352
000293522
0,00
354,72
27/12/2022
0
354,72
2352
000292253
99,61
0,00
07/12/2022
0
1.422,98
2352
000098548
0,00
185,11
27/12/2022
11
185,11
2352
000097389
0,00
121,98
06/12/2022
11
121,98
2352
040273363
2.572,05
0,00
13,62
30/12/2022
u
15.143,30
1252
000004753
0,00
0,00
1.136,16
26/12/2022
001
1.136,16
2551
000009279
0,00
0,00
22,50
08/12/2022
001
25,88
1910
000000137
0,00
0,00
12.000,00
22/12/2022
001
12.000,00
2916
000000131
0,00
0,00
16.170,00
02/12/2022
001
16.170,00
2916
000006065
0,00
0,00
4.160,00
02/12/2022
001
4.160,00
2916
000465694
1.223,31
567,96
567,96
13/12/2022
001
18.043,78
2101
000464750
1.234,91
573,35
573,35
06/12/2022
001
18.214,93
2101
000464751
2.431,78
1.129,04
1.129,04
06/12/2022
001
35.868,75
2101
000464749
539,03
250,26
250,26
06/12/2022
001
7.950,69
2101
000470420
861,46
1.199,89
1.199,89
09/12/2022
005
13.506,39
2101
000465696
4.174,97
1.938,38
1.938,38
13/12/2022
001
61.580,86
2101
000467683
11.835,25
5.494,94
5.494,94
23/12/2022
001
174.569,87
2101
000467682
819,96
380,69
380,69
23/12/2022
001
12.094,37
2101
000467742
3.182,09
1.477,40
1.477,40
23/12/2022
001
46.935,83
2101
000467740
598,73
277,98
277,98
23/12/2022
001
8.831,22
2101
000467741
8.320,72
3.863,19
3.863,19
23/12/2022
001
122.730,67
2101
000467762
2.838,54
1.317,89
1.317,89
23/12/2022
001
41.868,45
2101
000467800
1.560,32
724,43
724,43
23/12/2022
001
23.014,70
2101
000467941
522,64
242,66
242,66
26/12/2022
001
7.708,98
2101
000467942
759,68
352,70
352,70
26/12/2022
001
11.205,20
2101
000002819
511,47
0,00
2.106,36
06/12/2022
001
5.115,00
1101
000002819
2.876,23
0,00
11.845,02
06/12/2022
001
28.764,00
1101
000225593
2.097,28
0,00
6.677,04
01/12/2022
000
19.065,00
1101
geon industria e comercio ltda
)
(
emissão :
16:00
07/02/2023
página: 0002
relatório da consulta de notas fiscais
16352
período: 
01/12/2022 a 31/12/2022
vl. icms
número
vl. ipi
vl. outras
esp.
data
série
vl contábil
cfop
kbl accounting contabilidade emp
todos os códigos fiscais.
todos os fornecedores.
000464063
1.948,94
904,86
904,86
01/12/2022
001
28.746,79
2101
000464062
3.385,18
1.571,69
1.571,69
01/12/2022
001
49.931,37
2101
000464061
1.660,40
770,90
770,90
01/12/2022
001
24.490,89
2101
000465695
4.404,49
2.044,94
2.044,94
13/12/2022
001
64.966,22
2101
000463953
7.435,22
3.452,06
3.452,06
01/12/2022
001
109.669,44
2101
000464752
2.105,79
977,69
977,69
06/12/2022
001
31.060,35
2101
000004992
59,35
0,00
0,00
06/12/2022
001
1.896,60
1101
000165290
993,07
461,07
461,07
07/12/2022
001
14.647,74
2101
000098435
548,28
0,00
1.758,85
08/12/2022
001
4.984,00
1101
000465222
3.280,79
1.523,23
1.523,23
11/12/2022
001
48.391,72
2101
000465223
4.875,75
2.263,74
2.263,74
11/12/2022
001
71.917,37
2101
000465224
5.269,54
2.446,57
2.446,57
11/12/2022
001
77.725,75
2101
000463954
7.448,68
3.458,31
3.458,31
01/12/2022
001
109.867,99
2101
total
93.477,01
39.665,82
157.462,22
92 notas
1.421.890,32
