                                                                                                                               
 
data: 4 de novembro de 2022 
código do cliente: 28246296. cnpj:: 20708360000150 - baterias maxion 
histórico de vendas 
página:1
período: 01/09/2022 - 31/10/2022
moeda: brl
 
data da venda
código do
cliente
resumo de
vendas
produto
parcela
plano
comprovantes
valor bruto
cashback
amount
reverse
interchange
vlr. desc.
valor de
pagamento data de crédito
01/09/22
28246296
23411659689
visa débito
0
0
1
1.316,00
  0,00
  0,00
18,42
1.297,58
02/09/22
01/09/22
28246296
23412266007
mastercard
débito
0
0
1
236,00
  0,00
  0,00
3,30
232,70
02/09/22
01/09/22
28246296
23412265906
mastercard
débito
0
0
2
837,00
  0,00
  0,00
11,72
825,28
02/09/22
01/09/22
28246296
23412692926
visa débito
0
0
1
1.336,50
  0,00
  0,00
18,71
1.317,79
02/09/22
01/09/22
28246296
0022341233936
3
mastercard
crédito
1
2
1
293,00
  0,00
  0,00
7,32
142,84
03/10/22
01/09/22
28246296
0022341233936
3
mastercard
crédito
2
2
1
293,00
  0,00
  0,00
7,32
142,84
31/10/22
saldo do dia
4.018,50  0,00
 0,00
59,47
3.959,03
02/09/22
28246296
23415823182
mastercard
débito
0
0
1
4,00
  0,00
  0,00
0,06
3,94
05/09/22
02/09/22
28246296
23415285555
visa débito
0
0
1
624,26
  0,00
  0,00
8,74
615,52
05/09/22
02/09/22
28246296
23416675746
mastercard
débito
0
0
1
20,00
  0,00
  0,00
0,28
19,72
05/09/22
02/09/22
28246296
23415285554
visa débito
0
0
1
204,60
  0,00
  0,00
2,86
201,74
05/09/22
02/09/22
28246296
23415823185
visa débito
0
0
2
2.170,00
  0,00
  0,00
30,38
2.139,62
05/09/22
02/09/22
28246296
0022341446324
7
mastercard
crédito
1
2
1
250,00
  0,00
  0,00
6,26
121,87
03/10/22
02/09/22
28246296
0022341446324
7
mastercard
crédito
2
2
1
250,00
  0,00
  0,00
6,26
121,87
01/11/22
02/09/22
28246296
0022341487974
4
elo crédito
1
2
1
195,40
  0,00
  0,00
4,88
95,26
03/10/22
02/09/22
28246296
0022341487974
4
elo crédito
2
2
1
195,40
  0,00
  0,00
4,88
95,26
01/11/22
02/09/22
28246296
0022341550325
2
visa crédito
1
2
1
230,00
  0,00
  0,00
5,76
112,12
03/10/22
02/09/22
28246296
0022341550325
2
visa crédito
2
2
1
230,00
  0,00
  0,00
5,76
112,12
01/11/22
 + sicredi
                                                                                                                               
 
data: 4 de novembro de 2022 
código do cliente: 28246296. cnpj:: 20708360000150 - baterias maxion 
histórico de vendas 
página:2
saldo do dia
3.698,26  0,00
 0,00
59,22
3.639,04
03/09/22
28246296
23518791195
mastercard
crédito
0
0
1
310,00
  0,00
  0,00
6,51
303,49
03/10/22
03/09/22
28246296
0022351819952
0
visa crédito
1
2
1
400,00
  0,00
  0,00
10,00
195,00
03/10/22
03/09/22
28246296
0022351819952
0
visa crédito
2
2
1
400,00
  0,00
  0,00
10,00
195,00
03/11/22
saldo do dia
710,00  0,00
 0,00
16,51
693,49
05/09/22
28246296
23524208986
visa débito
0
0
3
2.611,00
  0,00
  0,00
36,56
2.574,44
06/09/22
05/09/22
28246296
23525429172
mastercard
crédito
0
0
1
350,00
  0,00
  0,00
7,35
342,65
05/10/22
05/09/22
28246296
23524208985
elo débito
0
0
1
466,00
  0,00
  0,00
6,52
459,48
06/09/22
05/09/22
28246296
23525429173
elo débito
0
0
1
530,00
  0,00
  0,00
7,42
522,58
06/09/22
05/09/22
28246296
0022352354504
6
mastercard
crédito
1
2
1
250,00
  0,00
  0,00
6,26
121,87
05/10/22
05/09/22
28246296
0022352354504
6
mastercard
crédito
2
2
1
250,00
  0,00
  0,00
6,26
121,87
04/11/22
05/09/22
28246296
0032352354504
9
mastercard
crédito
1
3
1
240,00
  0,00
  0,00
6,00
78,00
05/10/22
05/09/22
28246296
0032352354504
9
mastercard
crédito
2
3
1
240,00
  0,00
  0,00
6,00
78,00
04/11/22
05/09/22
28246296
0032352354504
9
mastercard
crédito
3
3
1
240,00
  0,00
  0,00
6,00
78,00
05/12/22
05/09/22
28246296
0032352449682
2
visa crédito
1
3
1
240,00
  0,00
  0,00
6,00
78,00
05/10/22
05/09/22
28246296
0032352449682
2
visa crédito
2
3
1
240,00
  0,00
  0,00
6,00
78,00
04/11/22
05/09/22
28246296
0032352449682
2
visa crédito
3
3
1
240,00
  0,00
  0,00
6,00
78,00
05/12/22
05/09/22
28246296
0032352449683
1
mastercard
crédito
1
3
1
1.560,00
  0,00
  0,00
39,00
507,00
05/10/22
05/09/22
28246296
0032352449683
1
mastercard
crédito
2
3
1
1.560,00
  0,00
  0,00
39,00
507,00
04/11/22
05/09/22
28246296
0032352449683
1
mastercard
crédito
3
3
1
1.560,00
  0,00
  0,00
39,00
507,00
05/12/22
 + sicredi
                                                                                                                               
 
data: 4 de novembro de 2022 
código do cliente: 28246296. cnpj:: 20708360000150 - baterias maxion 
histórico de vendas 
página:3
05/09/22
28246296
0032352503930
8
mastercard
crédito
1
3
1
450,00
  0,00
  0,00
11,25
146,25
05/10/22
05/09/22
28246296
0032352503930
8
mastercard
crédito
2
3
1
450,00
  0,00
  0,00
11,25
146,25
04/11/22
05/09/22
28246296
0032352503930
8
mastercard
crédito
3
3
1
450,00
  0,00
  0,00
11,25
146,25
05/12/22
05/09/22
28246296
0032352503931
2
mastercard
crédito
1
3
1
480,00
  0,00
  0,00
12,00
156,00
05/10/22
05/09/22
28246296
0032352503931
2
mastercard
crédito
2
3
1
480,00
  0,00
  0,00
12,00
156,00
04/11/22
05/09/22
28246296
0032352503931
2
mastercard
crédito
3
3
1
480,00
  0,00
  0,00
12,00
156,00
05/12/22
05/09/22
28246296
0042352449682
6
mastercard
crédito
1
4
1
440,00
  0,00
  0,00
11,00
107,25
05/10/22
05/09/22
28246296
0042352449682
6
mastercard
crédito
2
4
1
440,00
  0,00
  0,00
11,00
107,25
04/11/22
05/09/22
28246296
0042352449682
6
mastercard
crédito
3
4
1
440,00
  0,00
  0,00
11,00
107,25
05/12/22
05/09/22
28246296
0042352449682
6
mastercard
crédito
4
4
1
440,00
  0,00
  0,00
11,00
107,25
03/01/23
saldo do dia
7.617,00  0,00
 0,00
149,36
7.467,64
06/09/22
28246296
23529090816
visa débito
0
0
1
190,00
  0,00
  0,00
2,66
187,34
08/09/22
06/09/22
28246296
23529090811
mastercard
débito
0
0
1
36,00
  0,00
  0,00
0,50
35,50
08/09/22
06/09/22
28246296
23529090815
mastercard
débito
0
0
1
205,00
  0,00
  0,00
2,87
202,13
08/09/22
06/09/22
28246296
23529565595
elo débito
0
0
1
40,00
  0,00
  0,00
0,56
39,44
08/09/22
06/09/22
28246296
0022352855436
3
visa crédito
1
2
1
240,00
  0,00
  0,00
6,00
117,00
06/10/22
06/09/22
28246296
0022352855436
3
visa crédito
2
2
1
240,00
  0,00
  0,00
6,00
117,00
07/11/22
06/09/22
28246296
0022352855436
5
elo crédito
1
2
1
395,00
  0,00
  0,00
9,88
192,56
06/10/22
06/09/22
28246296
0022352855436
5
elo crédito
2
2
1
395,00
  0,00
  0,00
9,88
192,56
07/11/22
 + sicredi
                                                                                                                               
 
data: 4 de novembro de 2022 
código do cliente: 28246296. cnpj:: 20708360000150 - baterias maxion 
histórico de vendas 
página:4
06/09/22
28246296
0032352793732
7
mastercard
crédito
1
3
1
3.000,00
  0,00
  0,00
75,00
975,00
06/10/22
06/09/22
28246296
0032352793732
7
mastercard
crédito
2
3
1
3.000,00
  0,00
  0,00
75,00
975,00
07/11/22
06/09/22
28246296
0032352793732
7
mastercard
crédito
3
3
1
3.000,00
  0,00
  0,00
75,00
975,00
05/12/22
06/09/22
28246296
0032352793733
1
elo crédito
1
3
1
250,00
  0,00
  0,00
6,24
81,26
06/10/22
06/09/22
28246296
0032352793733
1
elo crédito
2
3
1
250,00
  0,00
  0,00
6,24
81,25
07/11/22
06/09/22
28246296
0032352793733
1
elo crédito
3
3
1
250,00
  0,00
  0,00
6,24
81,25
06/12/22
06/09/22
28246296
0032352855435
9
mastercard
crédito
1
3
1
432,00
  0,00
  0,00
10,80
140,40
06/10/22
06/09/22
28246296
0032352855435
9
mastercard
crédito
2
3
1
432,00
  0,00
  0,00
10,80
140,40
07/11/22
06/09/22
28246296
0032352855435
9
mastercard
crédito
3
3
1
432,00
  0,00
  0,00
10,80
140,40
05/12/22
saldo do dia
4.788,00  0,00
 0,00
114,51
4.673,49
08/09/22
28246296
23533696132
visa débito
0
0
2
720,00
  0,00
  0,00
10,08
709,92
09/09/22
08/09/22
28246296
23534172854
visa débito
0
0
1
353,27
  0,00
  0,00
4,95
348,32
09/09/22
08/09/22
28246296
23533696131
visa débito
0
0
1
210,00
  0,00
  0,00
2,94
207,06
09/09/22
08/09/22
28246296
23534172853
visa débito
0
0
1
270,00
  0,00
  0,00
3,78
266,22
09/09/22
08/09/22
28246296
23533003396
mastercard
débito
0
0
1
25,00
  0,00
  0,00
0,35
24,65
09/09/22
08/09/22
28246296
23533696136
visa crédito
0
0
1
847,48
  0,00
  0,00
17,80
829,68
10/10/22
08/09/22
28246296
23533003397
elo débito
0
0
1
20,00
  0,00
  0,00
0,28
19,72
09/09/22
08/09/22
28246296
23533696130
elo débito
0
0
1
80,00
  0,00
  0,00
1,12
78,88
09/09/22
08/09/22
28246296
0032353317848
3
visa crédito
1
3
1
300,00
  0,00
  0,00
7,50
97,50
10/10/22
08/09/22
28246296
0032353317848
3
visa crédito
2
3
1
300,00
  0,00
  0,00
7,50
97,50
07/11/22
08/09/22
28246296
0032353317848
3
visa crédito
3
3
1
300,00
  0,00
  0,00
7,50
97,50
07/12/22
 + sicredi
                                                                                                                               
 
data: 4 de novembro de 2022 
código do cliente: 28246296. cnpj:: 20708360000150 - baterias maxion 
histórico de vendas 
página:5
saldo do dia
2.825,75  0,00
 0,00
48,80
2.776,95
09/09/22
28246296
23538937976
mastercard
débito
0
0
1
16,00
  0,00
  0,00
0,22
15,78
12/09/22
09/09/22
28246296
0022353663999
3
mastercard
crédito
1
2
1
440,00
  0,00
  0,00
11,00
214,50
10/10/22
09/09/22
28246296
0022353663999
3
mastercard
crédito
2
2
1
440,00
  0,00
  0,00
11,00
214,50
08/11/22
09/09/22
28246296
0022353841288
9
mastercard
crédito
1
2
1
250,00
  0,00
  0,00
6,26
121,87
10/10/22
09/09/22
28246296
0022353841288
9
mastercard
crédito
2
2
1
250,00
  0,00
  0,00
6,26
121,87
08/11/22
saldo do dia
706,00  0,00
 0,00
17,48
688,52
10/09/22
28246296
23640528466
mastercard
débito
0
0
1
220,00
  0,00
  0,00
3,08
216,92
12/09/22
10/09/22
28246296
23641282650
visa débito
0
0
1
250,00
  0,00
  0,00
3,50
246,50
12/09/22
10/09/22
28246296
0022364062065
6
mastercard
crédito
1
2
1
240,00
  0,00
  0,00
6,00
117,00
10/10/22
10/09/22
28246296
0022364062065
6
mastercard
crédito
2
2
1
240,00
  0,00
  0,00
6,00
117,00
09/11/22
10/09/22
28246296
0032364005456
4
visa crédito
1
3
1
560,00
  0,00
  0,00
14,01
182,01
10/10/22
10/09/22
28246296
0032364005456
4
visa crédito
2
3
1
560,00
  0,00
  0,00
14,01
181,99
09/11/22
10/09/22
28246296
0032364005456
4
visa crédito
3
3
1
560,00
  0,00
  0,00
14,01
181,99
09/12/22
saldo do dia
1.270,00  0,00
 0,00
26,59
1.243,41
12/09/22
28246296
23646831034
visa débito
0
0
3
1.047,70
  0,00
  0,00
14,67
1.033,03
13/09/22
12/09/22
28246296
23646831029
visa crédito
0
0
1
430,00
  0,00
  0,00
9,03
420,97
13/10/22
12/09/22
28246296
23647412073
mastercard
crédito
0
0
1
250,00
  0,00
  0,00
5,25
244,75
13/10/22
12/09/22
28246296
23647412072
elo débito
0
0
1
200,00
  0,00
  0,00
2,80
197,20
13/09/22
12/09/22
28246296
0022364655396
1
mastercard
crédito
1
2
1
245,00
  0,00
  0,00
6,12
119,44
13/10/22
12/09/22
28246296
0022364655396
1
mastercard
crédito
2
2
1
245,00
  0,00
  0,00
6,12
119,44
11/11/22
 + sicredi
