w004b monte verde (330)
composição das cobranças por liquidação
todas as cobranças; créd.  em fev/2023; todos
 
unidade/bloco
compet.
vencimento
liquidação
taxa de
condomínio
fundo de
reserva
fundo de
caixa
fundo
trabalhista
juros
multas
despesas
bancárias
taxa extra
atualização
monetária
total
q01 lt01  
02/2023
15/02/2023
15/02/23 a
107,69
7,17
14,35
14,35
0,00
0,00
0,00
0,00
0,00
143,56
q01 lt02  
02/2023
15/02/2023
16/02/23 a
107,69
7,17
14,35
14,35
0,04
2,87
0,00
0,00
0,00
146,47
q01 lt04  
02/2023
15/02/2023
16/02/23 a
107,69
7,17
14,35
14,35
0,04
2,87
0,00
0,00
0,00
146,47
q01 lt05  
02/2023
15/02/2023
16/02/23 a
107,69
7,17
14,35
14,35
0,04
2,87
0,00
0,00
0,00
146,47
q01 lt07  
02/2023
15/02/2023
06/02/23 a
107,69
7,17
14,35
14,35
0,00
0,00
0,00
0,00
0,00
143,56
q01 lt08  
02/2023
15/02/2023
15/02/23 a
107,69
7,17
14,35
14,35
0,00
0,00
0,00
0,00
0,00
143,56
q01 lt09  
02/2023
15/02/2023
15/02/23 a
107,69
7,17
14,35
14,35
0,00
0,00
0,00
0,00
0,00
143,56
q01 lt10  
02/2023
15/02/2023
17/01/23 a
107,69
7,17
14,35
14,35
0,00
0,00
(4,00)
0,00
0,00
139,56
q01 lt11  
02/2023
15/02/2023
15/02/23 a
107,69
7,17
14,35
14,35
0,00
0,00
0,00
0,00
0,00
143,56
q01 lt12  
02/2023
15/02/2023
02/02/23 a
323,07
21,51
43,05
43,05
0,00
0,00
0,00
0,00
0,00
430,68
q01 lt13  
02/2023
15/02/2023
15/02/23 a
107,69
7,17
14,35
14,35
0,00
0,00
0,00
0,00
0,00
143,56
q01 lt14  
02/2023
15/02/2023
15/02/23 a
107,69
7,17
14,35
14,35
0,00
0,00
0,00
0,00
0,00
143,56
q01 lt18  
02/2023
15/02/2023
08/02/23 a
107,69
7,17
14,35
14,35
0,00
0,00
0,00
0,00
0,00
143,56
q01 lt19  
02/2023
15/02/2023
08/02/23 a
107,69
7,17
14,35
14,35
0,00
0,00
0,00
0,00
0,00
143,56
q02 lt02  
02/2023
15/02/2023
15/02/23 a
107,69
7,17
14,35
14,35
0,00
0,00
0,00
0,00
0,00
143,56
q02 lt03  
02/2023
15/02/2023
15/02/23 a
107,69
7,17
14,35
14,35
0,00
0,00
0,00
0,00
0,00
143,56
q02 lt06  
02/2023
15/02/2023
10/02/23 a
107,69
7,17
14,35
14,35
0,00
0,00
0,00
0,00
0,00
143,56
q02 lt07  
02/2023
15/02/2023
15/02/23 a
107,69
7,17
14,35
14,35
0,00
0,00
0,00
0,00
0,00
143,56
q02 lt08  
02/2023
15/02/2023
15/02/23 a
107,69
7,17
14,35
14,35
0,00
0,00
0,00
0,00
0,00
143,56
q02 lt09  
02/2023
15/02/2023
15/02/23 a
107,69
7,17
14,35
14,35
0,00
0,00
0,00
0,00
0,00
143,56
q02 lt10  
02/2023
15/02/2023
15/02/23 a
107,69
7,17
14,35
14,35
0,00
0,00
0,00
0,00
0,00
143,56
q02 lt11  
02/2023
15/02/2023
07/02/23 a
107,69
7,17
14,35
14,35
0,00
0,00
0,00
0,00
0,00
143,56
q02 lt13  
11/2022
15/11/2022
02/02/23 a
107,69
7,17
14,35
14,35
3,92
2,87
0,00
0,00
0,00
150,35
q02 lt13  
12/2022
15/12/2022
02/02/23 a
107,69
7,17
14,35
14,35
2,43
2,87
0,00
0,00
0,00
148,86
q02 lt13  
02/2023
15/02/2023
17/01/23 a
107,69
7,17
14,35
14,35
0,00
0,00
(4,00)
0,00
0,00
139,56
q02 lt14  
11/2022
15/11/2022
02/02/23 a
107,69
7,17
14,35
14,35
3,92
2,87
0,00
0,00
0,00
150,35
q02 lt14  
12/2022
15/12/2022
02/02/23 a
107,69
7,17
14,35
14,35
2,43
2,87
0,00
0,00
0,00
148,86
q02 lt14  
02/2023
15/02/2023
17/01/23 a
107,69
7,17
14,35
14,35
0,00
0,00
(4,00)
0,00
0,00
139,56
q02 lt15  
02/2023
15/02/2023
13/02/23 a
107,69
7,17
14,35
14,35
0,00
0,00
0,00
0,00
0,00
143,56
q02 lt16  
02/2023
15/02/2023
15/02/23 a
107,69
7,17
14,35
14,35
0,00
0,00
0,00
0,00
0,00
143,56
q02 lt17  
02/2023
15/02/2023
17/01/23 a
107,69
7,17
14,35
14,35
0,00
0,00
(4,00)
0,00
0,00
139,56
q02 lt18  
02/2023
15/02/2023
02/02/23 a
107,69
7,17
14,35
14,35
0,00
0,00
0,00
0,00
0,00
143,56
q02 lt20  
02/2023
15/02/2023
15/02/23 a
215,38
14,34
28,70
28,70
0,00
0,00
0,00
0,00
0,00
287,12
q02 lt22  
02/2023
06/02/2023
06/02/23 a
1.329,21
88,53
177,15
177,15
0,00
0,00
0,00
380,00
0,00
2.152,04
q02 lt22  
02/2023
15/02/2023
27/02/23 a
107,69
7,17
14,35
14,35
0,59
2,87
0,00
0,00
0,00
147,02
conad - administração de condomínios.
(37) 3213-0127
conadservicos.com.br
6 de 9
q02 lt23  
02/2023
15/02/2023
23/02/23 a
107,69
7,17
14,35
14,35
0,39
2,87
0,00
0,00
0,00
146,82
q02 lt24  
12/2022
15/12/2022
13/02/23 a
107,69
7,17
14,35
14,35
2,98
2,87
0,00
0,00
0,00
149,41
q02 lt24  
01/2023
15/01/2023
13/02/23 a
107,69
7,17
14,35
14,35
1,44
2,87
0,00
0,00
0,00
147,87
q02 lt24  
02/2023
15/02/2023
16/02/23 a
107,69
7,17
14,35
14,35
0,04
2,87
0,00
0,00
0,00
146,47
q02 lt27  
02/2023
15/02/2023
03/02/23 a
107,69
7,17
14,35
14,35
0,00
0,00
0,00
0,00
0,00
143,56
q02 lt28  
02/2023
15/02/2023
17/02/23 a
107,69
7,17
14,35
14,35
0,09
2,87
0,00
0,00
0,00
146,52
q02 lt30  
02/2023
15/02/2023
14/02/23 a
107,69
7,17
14,35
14,35
0,00
0,00
0,00
0,00
0,00
143,56
q03 lt01  
02/2023
15/02/2023
13/02/23 a
215,38
14,34
28,70
28,70
0,00
0,00
0,00
0,00
0,00
287,12
q03 lt03  
02/2023
15/02/2023
14/02/23 a
107,69
7,17
14,35
14,35
0,00
0,00
0,00
0,00
0,00
143,56
q03 lt04  
02/2023
15/02/2023
14/02/23 a
107,69
7,17
14,35
14,35
0,00
0,00
0,00
0,00
0,00
143,56
q03 lt10  
02/2023
15/02/2023
16/02/23 a
107,69
7,17
14,35
14,35
0,04
2,87
0,00
0,00
0,00
146,47
q03 lt12  
12/2022
15/12/2022
13/02/23 a
107,69
7,17
14,35
14,35
2,98
2,87
0,00
0,00
0,00
149,41
q03 lt13  
11/2022
15/11/2022
15/02/23 a
107,69
7,17
14,35
14,35
4,56
2,87
0,00
0,00
0,00
150,99
q03 lt13  
12/2022
15/12/2022
15/02/23 a
107,69
7,17
14,35
14,35
3,07
2,87
0,00
0,00
0,00
149,50
q03 lt13  
01/2023
15/01/2023
15/02/23 a
107,69
7,17
14,35
14,35
1,53
2,87
0,00
0,00
0,00
147,96
q03 lt13  
02/2023
15/02/2023
15/02/23 a
107,69
7,17
14,35
14,35
0,00
0,00
0,00
0,00
0,00
143,56
q03 lt16  
02/2023
15/02/2023
15/02/23 a
107,69
7,17
14,35
14,35
0,00
0,00
0,00
0,00
0,00
143,56
q03 lt18  
02/2023
15/02/2023
16/02/23 a
107,69
7,17
14,35
14,35
0,04
2,87
0,00
0,00
0,00
146,47
q03 lt19  
02/2023
15/02/2023
15/02/23 a
107,69
7,17
14,35
14,35
0,00
0,00
0,00
0,00
0,00
143,56
q03 lt20  
02/2023
15/02/2023
16/02/23 a
107,69
7,17
14,35
14,35
0,04
2,87
0,00
0,00
0,00
146,47
q03 lt22  
02/2023
15/02/2023
16/02/23 a
107,69
7,17
14,35
14,35
0,04
2,87
0,00
0,00
0,00
146,47
q03 lt26  
02/2023
15/02/2023
17/02/23 a
107,69
7,17
14,35
14,35
0,09
2,87
0,00
0,00
0,00
146,52
q03 lt28  
02/2023
15/02/2023
13/02/23 a
215,38
14,34
28,70
28,70
0,00
0,00
0,00
0,00
0,00
287,12
q03 lt30  
02/2023
15/02/2023
10/02/23 a
107,69
7,17
14,35
14,35
0,00
0,00
0,00
0,00
0,00
143,56
q04 lt04  
02/2023
15/02/2023
15/02/23 a
107,69
7,17
14,35
14,35
0,00
0,00
0,00
0,00
0,00
143,56
q04 lt07  
02/2023
15/02/2023
08/02/23 a
107,69
7,17
14,35
14,35
0,00
0,00
0,00
0,00
0,00
143,56
q04 lt08  
02/2023
15/02/2023
15/02/23 a
107,69
7,17
14,35
14,35
0,00
0,00
0,00
0,00
0,00
143,56
q04 lt09  
02/2023
15/02/2023
15/02/23 a
107,69
7,17
14,35
14,35
0,00
0,00
0,00
0,00
0,00
143,56
q04 lt10  
02/2023
15/02/2023
03/02/23 a
107,69
7,17
14,35
14,35
0,00
0,00
0,00
0,00
0,00
143,56
q04 lt11  
02/2023
15/02/2023
13/02/23 a
107,69
7,17
14,35
14,35
0,00
0,00
0,00
0,00
0,00
143,56
q04 lt12  
02/2023
15/02/2023
15/02/23 a
107,69
7,17
14,35
14,35
0,00
0,00
0,00
0,00
0,00
143,56
q04 lt13  
02/2023
15/02/2023
09/02/23 a
107,69
7,17
14,35
14,35
0,00
0,00
0,00
0,00
0,00
143,56
q04 lt14  
02/2023
15/02/2023
15/02/23 a
107,69
7,17
14,35
14,35
0,00
0,00
0,00
0,00
0,00
143,56
q04 lt15  
02/2023
15/02/2023
16/02/23 a
107,69
7,17
14,35
14,35
0,04
2,87
0,00
0,00
0,00
146,47
q04 lt16  
02/2023
15/02/2023
17/01/23 a
107,69
7,17
14,35
14,35
0,00
0,00
(4,00)
0,00
0,00
139,56
q05 lt02  
02/2023
15/02/2023
22/02/23 a
107,69
7,17
14,35
14,35
0,34
2,87
0,00
0,00
0,00
146,77
q05 lt03  
02/2023
15/02/2023
17/01/23 a
107,69
7,17
14,35
14,35
0,00
0,00
(4,00)
0,00
0,00
139,56
q05 lt04  
02/2023
15/02/2023
14/02/23 a
107,69
7,17
14,35
14,35
0,00
0,00
0,00
0,00
0,00
143,56
q05 lt05  
02/2023
15/02/2023
22/02/23 a
107,69
7,17
14,35
14,35
0,34
2,87
0,00
0,00
0,00
146,77
q05 lt06  
02/2023
15/02/2023
22/02/23 a
107,69
7,17
14,35
14,35
0,34
2,87
0,00
0,00
0,00
146,77
q05 lt07  
02/2023
15/02/2023
22/02/23 a
107,69
7,17
14,35
14,35
0,34
2,87
0,00
0,00
0,00
146,77
q06 lt02  
02/2023
15/02/2023
13/02/23 a
107,69
7,17
14,35
14,35
0,00
0,00
0,00
0,00
0,00
143,56
q06 lt03  
02/2023
15/02/2023
14/02/23 a
107,69
7,17
14,35
14,35
0,00
0,00
0,00
0,00
0,00
143,56
conad - administração de condomínios.
(37) 3213-0127
conadservicos.com.br
7 de 9
q06 lt04  
02/2023
15/02/2023
15/02/23 a
107,69
7,17
14,35
14,35
0,00
0,00
0,00
0,00
0,00
143,56
q06 lt09  
02/2023
15/02/2023
17/01/23 a
107,69
7,17
14,35
14,35
0,00
0,00
(4,00)
0,00
0,00
139,56
q06 lt10  
02/2023
15/02/2023
17/01/23 a
107,69
7,17
14,35
14,35
0,00
0,00
(4,00)
0,00
0,00
139,56
q06 lt12  
02/2023
15/02/2023
13/02/23 a
107,69
7,17
14,35
14,35
0,00
0,00
0,00
0,00
0,00
143,56
q06 lt13  
12/2022
15/02/2023
09/02/23 a
107,69
7,17
14,35
14,35
0,00
0,00
0,00
0,00
0,00
143,56
q06 lt15  
02/2023
15/02/2023
15/02/23 a
107,69
7,17
14,35
14,35
0,00
0,00
0,00
0,00
0,00
143,56
q06 lt16  
02/2023
15/02/2023
17/02/23 a
107,69
7,17
14,35
14,35
0,09
2,87
0,00
0,00
0,00
146,52
q06 lt17  
12/2022
15/12/2022
06/02/23 a
107,69
7,17
14,35
14,35
2,63
2,87
0,00
0,00
0,00
149,06
q06 lt17  
02/2023
15/02/2023
22/02/23 a
107,69
7,17
14,35
14,35
0,34
2,87
0,00
0,00
0,00
146,77
q06 lt18  
02/2023
15/02/2023
15/02/23 a
107,69
7,17
14,35
14,35
0,00
0,00
0,00
0,00
0,00
143,56
q06 lt19  
02/2023
15/02/2023
15/02/23 a
215,38
14,34
28,70
28,70
0,00
0,00
0,00
100,00
0,00
387,12
q07 lt01  
02/2023
15/02/2023
15/02/23 a
107,69
7,17
14,35
14,35
0,00
0,00
0,00
0,00
0,00
143,56
q07 lt02  
02/2023
15/02/2023
15/02/23 a
107,69
7,17
14,35
14,35
0,00
0,00
0,00
0,00
0,00
143,56
q07 lt03  
01/2023
15/01/2023
02/02/23 a
107,69
7,17
14,35
14,35
0,89
2,87
0,00
0,00
0,00
147,32
q07 lt03  
02/2023
15/02/2023
14/02/23 a
107,69
7,17
14,35
14,35
0,00
0,00
0,00
0,00
0,00
143,56
q07 lt04  
09/2022
15/09/2022
06/02/23 a
107,69
7,17
14,35
14,35
8,64
3,87
0,00
50,00
0,00
206,07
q07 lt04  
12/2022
15/12/2022
03/02/23 a
107,69
7,17
14,35
14,35
2,48
2,87
0,00
0,00
0,00
148,91
q07 lt04  
01/2023
15/01/2023
03/02/23 a
107,69
7,17
14,35
14,35
0,94
2,87
0,00
0,00
0,00
147,37
q07 lt04  
02/2023
15/02/2023
24/02/23 a
107,69
7,17
14,35
14,35
0,44
2,87
0,00
0,00
0,00
146,87
q07 lt13  
02/2023
15/02/2023
16/02/23 a
107,69
7,17
14,35
14,35
0,04
2,87
0,00
0,00
0,00
146,47
q07 lt17  
02/2023
15/02/2023
22/02/23 a
215,38
14,34
28,70
28,70
0,62
5,74
0,00
0,00
0,00
293,48
q07 lt20  
02/2023
15/02/2023
06/02/23 a
107,69
7,17
14,35
14,35
0,00
0,00
0,00
0,00
0,00
143,56
q07 lt23  
02/2023
15/02/2023
15/02/23 a
107,69
7,17
14,35
14,35
0,00
0,00
0,00
0,00
0,00
143,56
q07 lt24  
02/2023
15/02/2023
15/02/23 a
107,69
7,17
14,35
14,35
0,00
0,00
0,00
0,00
0,00
143,56
q07 lt25  
02/2023
15/02/2023
13/02/23 a
107,69
7,17
14,35
14,35
0,00
0,00
0,00
0,00
0,00
143,56
q07 lt26  
02/2023
15/02/2023
13/02/23 a
107,69
7,17
14,35
14,35
0,00
0,00
0,00
0,00
0,00
143,56
q08 lt01  
02/2023
15/02/2023
17/01/23 a
107,69
7,17
14,35
14,35
0,00
0,00
(4,00)
0,00
0,00
139,56
q08 lt03  
02/2023
15/02/2023
15/02/23 a
107,69
7,17
14,35
14,35
0,00
0,00
0,00
0,00
0,00
143,56
q08 lt06  
02/2023
15/02/2023
15/02/23 a
107,69
7,17
14,35
14,35
0,00
0,00
0,00
0,00
0,00
143,56
q08 lt07  
02/2023
15/02/2023
20/01/23 a
107,69
7,17
14,35
14,35
0,00
0,00
(4,00)
0,00
0,00
139,56
q08 lt08  
02/2023
15/02/2023
06/02/23 a
107,69
7,17
14,35
14,35
0,00
0,00
0,00
0,00
0,00
143,56
q08 lt09  
02/2023
15/02/2023
22/02/23 a
215,38
14,34
28,70
28,70
0,62
5,74
0,00
0,00
0,00
293,48
q08 lt11  
02/2023
15/02/2023
02/02/23 a
107,69
7,17
14,35
14,35
0,00
0,00
0,00
0,00
0,00
143,56
q08 lt12  
02/2023
15/02/2023
15/02/23 a
107,69
7,17
14,35
14,35
0,00
0,00
0,00
0,00
0,00
143,56
q08 lt13  
02/2023
15/02/2023
17/01/23 a
107,69
7,17
14,35
14,35
0,00
0,00
(4,00)
0,00
0,00
139,56
q08 lt14  
02/2023
15/02/2023
01/02/23 a
107,69
7,17
14,35
14,35
0,00
0,00
0,00
0,00
0,00
143,56
q08 lt16  
02/2023
27/02/2023
23/02/23 a
430,76
28,68
57,40
57,40
10,85
11,48
0,00
0,00
0,00
596,57
q08 lt17  
02/2023
27/02/2023
23/02/23 a
538,45
35,85
71,75
71,75
22,37
15,40
0,00
50,00
2,66
808,23
q08 lt20  
02/2023
15/02/2023
15/02/23 a
107,69
7,17
14,35
14,35
0,00
0,00
0,00
0,00
0,00
143,56
q08 lt21  
02/2023
15/02/2023
17/02/23 a
107,69
7,17
14,35
14,35
0,09
2,87
0,00
0,00
0,00
146,52
q08 lt25  
02/2023
15/02/2023
08/02/23 a
107,69
7,17
14,35
14,35
0,00
0,00
0,00
0,00
0,00
143,56
q09 lt01  
02/2023
15/02/2023
15/02/23 a
161,53
10,75
21,53
21,53
0,00
0,00
0,00
0,00
0,00
215,34
q09 lt03  
02/2023
15/02/2023
03/02/23 a
107,69
7,17
14,35
14,35
0,00
0,00
0,00
0,00
0,00
143,56
conad - administração de condomínios.
(37) 3213-0127
conadservicos.com.br
8 de 9
q09 lt04  
02/2023
15/02/2023
03/02/23 a
107,69
7,17
14,35
14,35
0,00
0,00
0,00
0,00
0,00
143,56
q09 lt05  
02/2023
23/02/2023
23/02/23 a
107,69
7,17
14,35
14,35
0,00
0,00
0,00
0,00
0,00
143,56
q09 lt06  
02/2023
15/02/2023
15/02/23 a
107,69
7,17
14,35
14,35
0,00
0,00
0,00
0,00
0,00
143,56
q09 lt07  
02/2023
15/02/2023
17/01/23 a
107,69
7,17
14,35
14,35
0,00
0,00
(4,00)
0,00
0,00
139,56
q09 lt08  
02/2023
15/02/2023
17/01/23 a
107,69
7,17
14,35
14,35
0,00
0,00
(4,00)
0,00
0,00
139,56
q09 lt09  
02/2023
15/02/2023
22/02/23 a
107,69
7,17
14,35
14,35
0,34
2,87
0,00
0,00
0,00
146,77
q09 lt11  
02/2023
15/02/2023
14/02/23 a
107,69
7,17
14,35
14,35
0,00
0,00
0,00
0,00
0,00
143,56
q09 lt12  
02/2023
15/02/2023
14/02/23 a
107,69
7,17
14,35
14,35
0,00
0,00
0,00
0,00
0,00
143,56
q09 lt13  
02/2023
15/02/2023
06/02/23 a
107,69
7,17
14,35
14,35
0,00
0,00
0,00
0,00
0,00
143,56
q10 lt06  
02/2023
15/02/2023
17/01/23 a
107,69
7,17
14,35
14,35
0,00
0,00
(4,00)
0,00
0,00
139,56
q10 lt07  
02/2023
15/02/2023
17/01/23 a
107,69
7,17
14,35
14,35
0,00
0,00
(4,00)
0,00
0,00
139,56
q10 lt08  
02/2023
15/02/2023
10/02/23 a
107,69
7,17
14,35
14,35
0,00
0,00
0,00
0,00
0,00
143,56
q10 lt09  
02/2023
06/02/2023
02/02/23 a
1.059,21
70,53
141,15
141,15
85,00
33,39
0,00
250,00
0,00
1.780,43
q10 lt10  
02/2023
15/02/2023
23/02/23 a
107,69
7,17
14,35
14,35
0,39
2,87
0,00
0,00
0,00
146,82
q10 lt11  
02/2023
15/02/2023
15/02/23 a
107,69
7,17
14,35
14,35
0,00
0,00
0,00
0,00
0,00
143,56
q10 lt12  
02/2023
15/02/2023
14/02/23 a
107,69
7,17
14,35
14,35
0,00
0,00
0,00
0,00
0,00
143,56
q10 lt13  
02/2023
15/02/2023
14/02/23 a
107,69
7,17
14,35
14,35
0,00
0,00
0,00
0,00
0,00
143,56
q10 lt14  
02/2023
15/02/2023
08/02/23 a
107,69
7,17
14,35
14,35
0,00
0,00
0,00
0,00
0,00
143,56
q10 lt15  
02/2023
15/02/2023
15/02/23 a
107,69
7,17
14,35
14,35
0,00
0,00
0,00
0,00
0,00
143,56
q11 lt02  
02/2023
15/02/2023
15/02/23 a
107,69
7,17
14,35
14,35
0,00
0,00
0,00
0,00
0,00
143,56
q11 lt03  
02/2023
15/02/2023
15/02/23 a
107,69
7,17
14,35
14,35
0,00
0,00
0,00
0,00
0,00
143,56
q11 lt04  
02/2023
15/02/2023
15/02/23 a
107,69
7,17
14,35
14,35
0,00
0,00
0,00
0,00
0,00
143,56
q11 lt06  
02/2023
15/02/2023
17/01/23 a
107,69
7,17
14,35
14,35
0,00
0,00
(4,00)
0,00
0,00
139,56
q11 lt07  
02/2023
15/02/2023
17/01/23 a
107,69
7,17
14,35
14,35
0,00
0,00
(4,00)
0,00
0,00
139,56
q11 lt08  
02/2023
15/02/2023
02/02/23 a
107,69
7,17
14,35
14,35
0,00
0,00
0,00
0,00
0,00
143,56
q11 lt09  
02/2023
15/02/2023
02/02/23 a
107,69
7,17
14,35
14,35
0,00
0,00
0,00
0,00
0,00
143,56
q11 lt11  
02/2023
15/02/2023
15/02/23 a
656,51
43,43
87,31
87,31
0,00
0,00
0,00
0,00
0,00
874,56
total de
cobranças: 148
 
 
 
20.329,17
1.353,27
2.708,79
2.708,79
168,91
184,68
(68,00)
830,00
2,66
28.218,27
conad - administração de condomínios.
(37) 3213-0127
conadservicos.com.br
9 de 9
