             aplic aut mais - extrato detalhado de movimentação
agência/conta: 0696-13031-9
cpf/cnpj: 27.897.237/0001-73
cliente: biospicefoods exp e imp eireli
movimentação em junho/2020
data
nº documento
aplicações
resgates antecipados/vencimentos
posição em ser no dia
data aplicação
oper. resgatada
valor principal
resgatado
valor bruto
resgatado
iof retido
irrf retido
valor líquido
resgatado
rendimento pago
saldo
provisão de impostos
saldo líquido
bruto
líquido
principal*
bruto
iof
irrf
29/05/2020
0,00
0,00
0,00
0,00
0,00
01/06/2020
a2015330254140
28.172,49
28.172,49
28.172,49
0,00
0,00
28.172,49
02/06/2020
a2015430221641
20.442,80
48.615,29
48.615,34
0,05
0,00
48.615,29
03/06/2020
r2015330254140
01/06/2020
28.172,49
28.172,60
0,10
0,00
28.172,50
0,11
0,01
03/06/2020
r2015430221641
02/06/2020
20.442,80
20.442,84
0,03
0,00
20.442,81
0,04
0,01
03/06/2020
total
48.615,29
48.615,44
0,13
0,00
48.615,31
0,15
0,02
0,00
0,00
0,00
0,00
0,00
05/06/2020
a2015730444091
7.403,71
7.403,71
7.403,71
0,00
0,00
7.403,71
08/06/2020
r2015730444091
05/06/2020
2.861,49
2.861,49
0,00
0,00
2.861,49
0,00
0,00
08/06/2020
total
2.861,49
2.861,49
0,00
0,00
2.861,49
0,00
0,00
4.542,22
4.542,22
0,00
0,00
4.542,22
09/06/2020
r2015730444091
05/06/2020
1.046,80
1.046,80
0,00
0,00
1.046,80
0,00
0,00
09/06/2020
total
1.046,80
1.046,80
0,00
0,00
1.046,80
0,00
0,00
3.495,42
3.495,43
0,01
0,00
3.495,42
10/06/2020
a2016230172296
1.085,17
4.580,59
4.580,61
0,01
0,00
4.580,60
12/06/2020
r2015730444091
05/06/2020
1.162,77
1.162,78
0,00
0,00
1.162,78
0,01
0,01
12/06/2020
total
1.162,77
1.162,78
0,00
0,00
1.162,78
0,01
0,01
3.417,82
3.417,84
0,01
0,00
3.417,83
15/06/2020
a2016730246552
4.776,69
8.194,51
8.194,53
0,01
0,00
8.194,52
16/06/2020
r2015730444091
05/06/2020
1.124,99
1.125,00
0,00
0,00
1.125,00
0,01
0,01
16/06/2020
total
1.124,99
1.125,00
0,00
0,00
1.125,00
0,01
0,01
7.069,52
7.069,53
0,00
0,00
7.069,53
17/06/2020
7.069,52
7.069,54
0,02
0,00
7.069,52
18/06/2020
r2015730444091
05/06/2020
567,79
567,80
0,00
0,00
567,80
0,01
0,01
18/06/2020
total
567,79
567,80
0,00
0,00
567,80
0,01
0,01
6.501,73
6.501,77
0,02
0,00
6.501,75
19/06/2020
r2015730444091
05/06/2020
639,87
639,88
0,00
0,00
639,88
0,01
0,01
19/06/2020
r2016230172296
10/06/2020
1.085,17
1.085,18
0,00
0,00
1.085,18
0,01
0,01
19/06/2020
r2016730246552
15/06/2020
4.747,02
4.747,05
0,03
0,00
4.747,02
0,03
0,00
19/06/2020
total
6.472,06
6.472,11
0,03
0,00
6.472,08
0,05
0,02
29,67
29,67
0,00
0,00
29,67
22/06/2020
r2016730246552
15/06/2020
29,67
29,67
0,00
0,00
29,67
0,00
0,00
22/06/2020
total
29,67
29,67
0,00
0,00
29,67
0,00
0,00
0,00
0,00
0,00
0,00
0,00
23/06/2020
a2017530143558
8.649,92
8.649,92
8.649,92
0,00
0,00
8.649,92
24/06/2020
8.649,92
8.649,92
0,00
0,00
8.649,92
25/06/2020
r2017530143558
23/06/2020
2.983,94
2.983,94
0,00
0,00
2.983,94
0,00
0,00
25/06/2020
total
2.983,94
2.983,94
0,00
0,00
2.983,94
0,00
0,00
5.665,98
5.665,99
0,01
0,00
5.665,98
26/06/2020
a2017830163640
8.605,25
14.271,23
14.271,25
0,02
0,00
14.271,23
29/06/2020
14.271,23
14.271,26
0,02
0,00
14.271,24
acum. mês
79.136,03
64.864,80
64.865,03
0,16
0,00
64.864,87
0,23
0,07
*valores disponíveis para datas a partir de 01/02/2013.
1
