data
modelo número
cliente
dinheiro
vale
banco
caderno
trocas
cheque
cheque pré
crédito
cartão déb.
relatório de documentos fiscais para conferência por tipo de recebimento
cartão cré.
convênio
parcelado
não iden.
troco
total
periodo :
01/09/2022 até 26/09/2022
filial :
dual material de construcao ltda
cnpj :
31282122000141
01/09/2022
55
87261
sena 
incorporadora e 
construtora ltda
0,00
0,00
0,00
0,00
0,00
0,00
0,00
0,00
0,00
0,00
0,00
1.399,60
0,00
0,00
1.399,60
01/09/2022
65
266790
cliente balcão
1,68
0,00
0,00
0,00
0,00
0,00
0,00
0,00
0,00
0,00
0,00
0,00
0,00
0,00
1,68
01/09/2022
65
266791
cliente balcão
84,14
0,00
0,00
0,00
0,00
0,00
0,00
0,00
0,00
0,00
0,00
0,00
0,00
0,00
84,14
01/09/2022
65
266792
cliente balcão
0,00
0,00
0,00
0,00
0,00
0,00
0,00
0,00
69,99
0,00
0,00
0,00
0,00
0,00
69,99
01/09/2022
65
266793
helianete maria 
dos santos
0,00
0,00
0,00
0,00
0,00
0,00
0,00
0,00
0,00
0,00
0,00
103,88
0,00
0,00
103,88
01/09/2022
65
266794
jorge elias 
mantovani
0,00
0,00
0,00
0,00
0,00
0,00
0,00
0,00
0,00
0,00
0,00
261,94
0,00
0,00
261,94
01/09/2022
65
266795
mauro cesar 
nascimento 
ferraz
0,00
0,00
0,00
0,00
0,00
0,00
0,00
0,00
0,00
0,00
0,00
50,36
0,00
0,00
50,36
01/09/2022
55
87262
nedson dalla 
bernadina
0,00
0,00
0,00
0,00
0,00
0,00
0,00
0,00
0,00
0,00
0,00
280,57
0,00
0,00
280,57
01/09/2022
65
266796
cliente balcão
200,00
0,00
0,00
0,00
0,00
0,00
0,00
0,00
0,00
0,00
0,00
0,00
0,00
25,05
174,95
01/09/2022
55
87263
jose antonio 
vergna
0,00
0,00
0,00
0,00
0,00
0,00
0,00
0,00
1.241,53
0,00
0,00
0,00
0,00
0,00
1.241,53
01/09/2022
65
266797
cliente balcão
0,00
0,00
0,00
0,00
0,00
0,00
0,00
0,00
32,50
0,00
0,00
0,00
0,00
0,00
32,50
01/09/2022
65
266798
joelber 
0,00
0,00
0,00
0,00
0,00
0,00
0,00
0,00
0,00
0,00
0,00
73,98
0,00
0,00
73,98
01/09/2022
65
266799
cliente balcão
100,00
0,00
0,00
0,00
0,00
0,00
0,00
0,00
0,00
0,00
0,00
0,00
0,00
88,13
11,87
01/09/2022
65
266800
cliente balcão
0,00
0,00
0,00
0,00
0,00
0,00
0,00
0,00
16,91
0,00
0,00
0,00
0,00
0,00
16,91
01/09/2022
65
266801
antonio carlos 
da ros
0,00
0,00
0,00
0,00
0,00
0,00
0,00
0,00
0,00
0,00
0,00
824,63
0,00
0,00
824,63
01/09/2022
65
266802
cliente balcão
50,00
0,00
0,00
0,00
0,00
0,00
0,00
0,00
0,00
0,00
0,00
0,00
0,00
27,29
22,71
01/09/2022
55
87264
jonas alberto 
mantovane
0,00
0,00
0,00
0,00
0,00
0,00
0,00
0,00
0,00
0,00
0,00
1.112,05
0,00
0,00
1.112,05
01/09/2022
65
266803
aurino ambrosio 
dos anjos
0,00
0,00
0,00
0,00
0,00
0,00
0,00
0,00
0,00
0,00
0,00
79,90
0,00
0,00
79,90
01/09/2022
65
266804
cliente balcão
100,00
0,00
0,00
0,00
0,00
0,00
0,00
0,00
0,00
0,00
0,00
0,00
0,00
71,50
28,50
01/09/2022
65
266805
washington luis 
dos santos
0,00
0,00
0,00
0,00
0,00
0,00
0,00
0,00
0,00
0,00
0,00
34,70
0,00
0,00
34,70
01/09/2022
55
87265
francisco 
sonegheti ( 
fazenda jatoba )
60,00
0,00
0,00
0,00
0,00
0,00
0,00
0,00
0,00
0,00
0,00
0,00
0,00
1,28
58,72
01/09/2022
65
266806
joao lino da silva
50,00
0,00
0,00
0,00
0,00
0,00
0,00
0,00
0,00
0,00
0,00
0,00
0,00
14,85
35,15
01/09/2022
55
87266
mitra dioc de 
colatina 
comunidade 
0,00
0,00
0,00
0,00
0,00
0,00
0,00
0,00
0,00
0,00
0,00
279,92
0,00
0,00
279,92
página 1 de 198
data
modelo número
cliente
dinheiro
vale
banco
caderno
trocas
cheque
cheque pré
crédito
cartão déb.
relatório de documentos fiscais para conferência por tipo de recebimento
cartão cré.
convênio
parcelado
não iden.
troco
total
periodo :
01/09/2022 até 26/09/2022
filial :
dual material de construcao ltda
cnpj :
31282122000141
sagrado coração 
de jesus
01/09/2022
65
266807
cliente balcão
20,00
0,00
0,00
0,00
0,00
0,00
0,00
0,00
0,00
0,00
0,00
0,00
0,00
6,70
13,30
01/09/2022
65
266808
cliente balcão
20,00
0,00
0,00
0,00
0,00
0,00
0,00
0,00
0,00
0,00
0,00
0,00
0,00
13,87
6,13
01/09/2022
65
266809
luzemar jose
20,00
0,00
0,00
0,00
0,00
0,00
0,00
0,00
0,00
0,00
0,00
0,00
0,00
8,95
11,05
01/09/2022
65
266810
cliente balcão
100,00
0,00
0,00
0,00
0,00
0,00
0,00
0,00
0,00
0,00
0,00
0,00
0,00
8,43
91,57
01/09/2022
65
266811
cliente balcão
20,00
0,00
0,00
0,00
0,00
0,00
0,00
0,00
0,00
0,00
0,00
0,00
0,00
13,34
6,66
01/09/2022
65
266812
cliente balcão
15,00
0,00
0,00
0,00
0,00
0,00
0,00
0,00
0,00
0,00
0,00
0,00
0,00
0,74
14,26
01/09/2022
65
266813
cliente balcão
1,80
0,00
0,00
0,00
0,00
0,00
0,00
0,00
0,00
0,00
0,00
0,00
0,00
0,00
1,80
01/09/2022
65
266814
carlos renato 
alves correia
0,00
0,00
0,00
0,00
0,00
0,00
0,00
0,00
0,00
0,00
0,00
150,00
0,00
0,00
150,00
01/09/2022
65
266815
barbaro fantim
0,00
0,00
0,00
0,00
0,00
0,00
0,00
0,00
0,00
0,00
0,00
44,90
0,00
0,00
44,90
01/09/2022
65
266816
cliente balcão
90,00
0,00
0,00
0,00
0,00
0,00
0,00
0,00
0,00
0,00
0,00
0,00
0,00
14,19
75,81
01/09/2022
65
266817
lynik  lupki  reis
0,00
0,00
0,00
0,00
0,00
0,00
0,00
0,00
0,00
0,00
0,00
571,94
0,00
0,00
571,94
01/09/2022
65
266818
silvanira santos 
monteiro
70,00
0,00
0,00
0,00
0,00
0,00
0,00
8,26
0,00
0,00
0,00
0,00
0,00
8,28
69,98
01/09/2022
55
87268
tec soldas 
soldagens e 
montagens 
industriais ltda - 
me
0,00
0,00
0,00
0,00
0,00
0,00
0,00
0,00
0,00
0,00
0,00
106,45
0,00
0,00
106,45
01/09/2022
65
266819
cliente balcão
0,00
0,00
0,00
0,00
0,00
0,00
0,00
0,00
534,98
0,00
0,00
0,00
0,00
0,00
534,98
01/09/2022
65
266820
cliente balcão
0,00
0,00
28,50
0,00
0,00
0,00
0,00
0,00
0,00
0,00
0,00
0,00
0,00
0,00
28,50
01/09/2022
65
266821
cliente balcão
10,00
0,00
0,00
0,00
0,00
0,00
0,00
0,00
0,00
0,00
0,00
0,00
0,00
2,41
7,59
01/09/2022
65
266822
jair bozi
0,00
0,00
0,00
0,00
0,00
0,00
0,00
0,00
0,00
0,00
0,00
5.900,00
0,00
0,00
5.900,00
01/09/2022
65
266823
cliente balcão
20,00
0,00
0,00
0,00
0,00
0,00
0,00
0,00
0,00
0,00
0,00
0,00
0,00
14,00
6,00
01/09/2022
65
266824
marcelo 
francisco 
sobreiro
0,00
0,00
0,00
0,00
0,00
0,00
0,00
0,00
0,00
0,00
0,00
11,37
0,00
0,00
11,37
01/09/2022
55
87269
locares casa 
container ltda
0,00
0,00
0,00
0,00
0,00
0,00
0,00
0,00
0,00
0,00
0,00
1.567,09
0,00
0,00
1.567,09
01/09/2022
55
87270
jonas alberto 
mantovane
0,00
0,00
0,00
0,00
0,00
0,00
0,00
0,00
0,00
0,00
0,00
341,69
0,00
0,00
341,69
01/09/2022
65
266825
jefison santana 
de oliveira
0,00
0,00
0,00
0,00
0,00
0,00
0,00
0,00
0,00
0,00
0,00
21,00
0,00
0,00
21,00
01/09/2022
65
266826
cliente balcão
3,80
0,00
0,00
0,00
0,00
0,00
0,00
0,00
0,00
0,00
0,00
0,00
0,00
0,00
3,80
01/09/2022
65
266827
cliente balcão
100,00
0,00
0,00
0,00
0,00
0,00
0,00
0,00
0,00
0,00
0,00
0,00
0,00
55,20
44,80
página 2 de 198
data
modelo número
cliente
dinheiro
vale
banco
caderno
trocas
cheque
cheque pré
crédito
cartão déb.
relatório de documentos fiscais para conferência por tipo de recebimento
cartão cré.
convênio
parcelado
não iden.
troco
total
periodo :
01/09/2022 até 26/09/2022
filial :
dual material de construcao ltda
cnpj :
31282122000141
01/09/2022
55
87271
delba baptista 
leal
0,00
0,00
0,00
0,00
0,00
0,00
0,00
0,00
0,00
0,00
0,00
151,97
0,00
0,00
151,97
01/09/2022
65
266828
cliente balcão
0,00
0,00
115,00
0,00
0,00
0,00
0,00
0,00
0,00
0,00
0,00
0,00
0,00
0,00
115,00
01/09/2022
65
266829
cliente balcão
0,00
0,00
0,00
0,00
0,00
0,00
0,00
0,00
0,00
45,90
0,00
0,00
0,00
0,00
45,90
01/09/2022
65
266830
cliente balcão
10,00
0,00
0,00
0,00
0,00
0,00
0,00
0,00
0,00
0,00
0,00
0,00
0,00
5,72
4,28
01/09/2022
65
266831
cliente balcão
0,00
0,00
0,00
0,00
0,00
0,00
0,00
0,00
78,91
0,00
0,00
0,00
0,00
0,00
78,91
01/09/2022
55
87272
sebastiao zumack
0,00
0,00
0,00
0,00
0,00
0,00
0,00
0,00
0,00
0,00
0,00
420,53
0,00
0,00
420,53
01/09/2022
65
266832
cliente balcão
7,00
0,00
0,00
0,00
0,00
0,00
0,00
0,00
0,00
0,00
0,00
0,00
0,00
0,44
6,56
01/09/2022
65
266833
cliente balcão
0,00
0,00
0,00
0,00
0,00
0,00
0,00
0,00
119,60
0,00
0,00
0,00
0,00
0,00
119,60
01/09/2022
65
266834
cliente balcão
20,00
0,00
0,00
0,00
0,00
0,00
0,00
0,00
0,00
0,00
0,00
0,00
0,00
6,23
13,77
01/09/2022
65
266835
cliente balcão
0,00
0,00
12,26
0,00
0,00
0,00
0,00
0,00
0,00
0,00
0,00
0,00
0,00
0,00
12,26
01/09/2022
65
266836
cliente balcão
20,00
0,00
0,00
0,00
0,00
0,00
0,00
0,00
0,00
0,00
0,00
0,00
0,00
1,32
18,68
01/09/2022
55
87273
jailson jose recla 
e outra
0,00
0,00
0,00
0,00
0,00
0,00
0,00
0,00
0,00
0,00
0,00
147,80
0,00
0,00
147,80
01/09/2022
65
266837
tarcio jose da 
costa 
0,00
0,00
0,00
0,00
0,00
0,00
0,00
0,00
0,00
108,80
0,00
0,00
0,00
0,00
108,80
01/09/2022
65
266838
cliente balcão
100,00
0,00
0,00
0,00
0,00
0,00
0,00
0,00
0,00
0,00
0,00
0,00
0,00
30,65
69,35
01/09/2022
65
266839
cliente balcão
0,00
0,00
0,00
0,00
0,00
0,00
0,00
0,00
0,00
72,99
0,00
0,00
0,00
0,00
72,99
01/09/2022
65
266840
cliente balcão
20,00
0,00
0,00
0,00
0,00
0,00
0,00
0,00
0,00
0,00
0,00
0,00
0,00
14,06
5,94
01/09/2022
55
87274
verde biomassa 
ltda 
0,00
0,00
0,00
0,00
0,00
0,00
0,00
0,00
0,00
0,00
0,00
3.890,73
0,00
0,00
3.890,73
01/09/2022
65
266841
cliente balcão
300,00
0,00
0,00
0,00
0,00
0,00
0,00
0,00
0,00
0,00
0,00
0,00
0,00
45,50
254,50
01/09/2022
65
266842
cliente balcão
20,00
0,00
0,00
0,00
0,00
0,00
0,00
0,00
0,00
0,00
0,00
0,00
0,00
10,26
9,74
01/09/2022
65
266843
cliente balcão
0,00
0,00
0,00
0,00
0,00
0,00
0,00
0,00
0,00
137,47
0,00
0,00
0,00
0,00
137,47
01/09/2022
65
266844
alessandro 
barbosa mafezoni
0,00
0,00
0,00
0,00
0,00
0,00
0,00
0,00
0,00
0,00
0,00
598,22
0,00
0,00
598,22
01/09/2022
65
266845
cliente balcão
100,00
0,00
0,00
0,00
0,00
0,00
0,00
0,00
0,00
0,00
0,00
0,00
0,00
17,45
82,55
01/09/2022
65
266846
magna ferreira 
coutinho
0,00
0,00
0,00
0,00
0,00
0,00
0,00
0,00
0,00
0,00
0,00
285,44
0,00
0,00
285,44
01/09/2022
65
266847
cliente balcão
50,00
0,00
0,00
0,00
0,00
0,00
0,00
0,00
0,00
0,00
0,00
0,00
0,00
31,09
18,91
01/09/2022
55
87275
moro 
agropecuaria 
ltda 
0,00
0,00
0,00
0,00
0,00
0,00
0,00
0,00
0,00
0,00
0,00
28,03
0,00
0,00
28,03
01/09/2022
65
266848
cliente balcão
100,00
0,00
0,00
0,00
0,00
0,00
0,00
0,00
0,00
0,00
0,00
0,00
0,00
18,39
81,61
01/09/2022
65
266849
josimar da silva
0,00
0,00
0,00
0,00
0,00
0,00
0,00
0,00
0,00
0,00
0,00
41,00
0,00
0,00
41,00
01/09/2022
65
266850
jose carlos 
0,00
0,00
0,00
0,00
0,00
0,00
0,00
0,00
0,00
0,00
0,00
896,68
0,00
0,00
896,68
página 3 de 198
data
modelo número
cliente
dinheiro
vale
banco
caderno
trocas
cheque
cheque pré
crédito
cartão déb.
relatório de documentos fiscais para conferência por tipo de recebimento
cartão cré.
convênio
parcelado
não iden.
troco
total
periodo :
01/09/2022 até 26/09/2022
filial :
dual material de construcao ltda
cnpj :
31282122000141
mantovani
01/09/2022
65
266851
cliente balcão
20,00
0,00
0,00
0,00
0,00
0,00
0,00
0,00
0,00
0,00
0,00
0,00
0,00
0,38
19,62
01/09/2022
65
266852
cliente balcão
50,00
0,00
0,00
0,00
0,00
0,00
0,00
0,00
0,00
0,00
0,00
0,00
0,00
32,04
17,96
01/09/2022
65
266853
aldiva rangel de 
souza
0,00
0,00
0,00
0,00
0,00
0,00
0,00
0,00
0,00
0,00
0,00
5,44
0,00
0,00
5,44
01/09/2022
65
266854
cliente balcão
50,00
0,00
0,00
0,00
0,00
0,00
0,00
0,00
0,00
0,00
0,00
0,00
0,00
22,63
27,37
01/09/2022
65
266855
cliente balcão
100,00
0,00
0,00
0,00
0,00
0,00
0,00
0,00
0,00
0,00
0,00
0,00
0,00
98,50
1,50
01/09/2022
55
87276
clenir aparecida 
zeniboni 
carvalho 
00845416790
0,00
0,00
0,00
0,00
0,00
0,00
0,00
0,00
0,00
0,00
0,00
17,96
0,00
0,00
17,96
01/09/2022
65
266856
cliente balcão
50,00
0,00
0,00
0,00
0,00
0,00
0,00
0,00
0,00
0,00
0,00
0,00
0,00
18,15
31,85
01/09/2022
55
87277
es linhares 2 
locação de 
equipamentos 
ltda
0,00
0,00
0,00
0,00
0,00
0,00
0,00
0,00
0,00
0,00
0,00
18,80
0,00
0,00
18,80
01/09/2022
65
266857
cliente balcão
20,00
0,00
0,00
0,00
0,00
0,00
0,00
0,00
0,00
0,00
0,00
0,00
0,00
11,45
8,55
01/09/2022
55
87278
delba baptista 
leal
0,00
0,00
0,00
0,00
0,00
0,00
0,00
0,00
0,00
0,00
0,00
37,81
0,00
0,00
37,81
01/09/2022
55
87279
stocco obras 
ltda
0,00
0,00
0,00
0,00
0,00
0,00
0,00
0,00
0,00
0,00
0,00
664,64
0,00
0,00
664,64
01/09/2022
65
266858
otiniel santos da 
silva
0,00
0,00
0,00
0,00
0,00
0,00
0,00
0,00
0,00
0,00
0,00
53,76
0,00
0,00
53,76
01/09/2022
55
87280
es linhares 2 
locação de 
equipamentos 
ltda
0,00
0,00
0,00
0,00
0,00
0,00
0,00
0,00
0,00
0,00
0,00
5,98
0,00
0,00
5,98
01/09/2022
55
87281
stocco obras 
ltda
0,00
0,00
0,00
0,00
0,00
0,00
0,00
0,00
0,00
0,00
0,00
30,31
0,00
0,00
30,31
01/09/2022
65
266859
cliente balcão
20,00
0,00
0,00
0,00
0,00
0,00
0,00
0,00
0,00
0,00
0,00
0,00
0,00
15,25
4,75
01/09/2022
65
266860
cliente balcão
0,00
0,00
0,00
0,00
0,00
0,00
0,00
0,00
21,85
0,00
0,00
0,00
0,00
0,00
21,85
01/09/2022
65
266861
cliente balcão
60,00
0,00
0,00
0,00
0,00
0,00
0,00
0,00
0,00
0,00
0,00
0,00
0,00
6,51
53,49
01/09/2022
65
266862
cliente balcão
8,00
0,00
0,00
0,00
0,00
0,00
0,00
0,00
26,11
0,00
0,00
0,00
0,00
0,00
34,11
01/09/2022
65
266863
cliente balcão
35,92
0,00
0,00
0,00
0,00
0,00
0,00
0,00
0,00
0,00
0,00
0,00
0,00
0,00
35,92
01/09/2022
65
266864
marcela lima 
teixeira
0,00
0,00
0,00
0,00
0,00
0,00
0,00
0,00
0,00
0,00
0,00
377,77
0,00
0,00
377,77
01/09/2022
65
266865
cliente balcão
0,00
0,00
0,00
0,00
0,00
0,00
0,00
0,00
0,00
99,87
0,00
0,00
0,00
0,00
99,87
01/09/2022
65
266866
cliente balcão
0,00
0,00
0,00
0,00
0,00
0,00
0,00
0,00
2.996,67
0,00
0,00
0,00
0,00
0,00
2.996,67
página 4 de 198
data
modelo número
cliente
dinheiro
vale
banco
caderno
trocas
cheque
cheque pré
crédito
cartão déb.
relatório de documentos fiscais para conferência por tipo de recebimento
cartão cré.
convênio
parcelado
não iden.
troco
total
periodo :
01/09/2022 até 26/09/2022
filial :
dual material de construcao ltda
cnpj :
31282122000141
01/09/2022
65
266867
cliente balcão
0,00
0,00
148,11
0,00
0,00
0,00
0,00
0,00
0,00
0,00
0,00
0,00
0,00
0,00
148,11
01/09/2022
65
266868
ademir gomes 
dos santos
0,00
0,00
0,00
0,00
0,00
0,00
0,00
0,00
0,00
0,00
0,00
38,95
0,00
0,00
38,95
01/09/2022
55
87282
jja construcoes 
ltda
0,00
0,00
0,00
0,00
0,00
0,00
0,00
0,00
0,00
0,00
0,00
180,70
0,00
0,00
180,70
01/09/2022
65
266869
cliente balcão
0,00
0,00
0,00
0,00
0,00
0,00
0,00
0,00
139,94
0,00
0,00
0,00
0,00
0,00
139,94
01/09/2022
65
266870
cliente balcão
0,00
0,00
18,00
0,00
0,00
0,00
0,00
0,00
0,00
0,00
0,00
0,00
0,00
0,00
18,00
01/09/2022
65
266871
cliente balcão
32,11
0,00
0,00
0,00
0,00
0,00
0,00
0,00
0,00
0,00
0,00
0,00
0,00
0,00
32,11
01/09/2022
55
87283
frs ar condicionado 
eireli
0,00
0,00
0,00
0,00
0,00
0,00
0,00
0,00
0,00
68,70
0,00
0,00
0,00
0,00
68,70
01/09/2022
65
266872
cliente balcão
0,00
0,00
102,28
0,00
0,00
0,00
0,00
0,00
0,00
0,00
0,00
0,00
0,00
0,00
102,28
01/09/2022
65
266873
cliente balcão
0,00
0,00
0,00
0,00
0,00
0,00
0,00
0,00
120,82
0,00
0,00
0,00
0,00
0,00
120,82
01/09/2022
65
266874
cliente balcão
2,06
0,00
0,00
0,00
0,00
0,00
0,00
0,00
0,00
0,00
0,00
0,00
0,00
0,00
2,06
01/09/2022
55
87284
es linhares 2 
locação de 
equipamentos 
ltda
0,00
0,00
0,00
0,00
0,00
0,00
0,00
0,00
0,00
0,00
0,00
87,80
0,00
0,00
87,80
01/09/2022
65
266875
cliente balcão
0,00
0,00
31,53
0,00
0,00
0,00
0,00
0,00
0,00
0,00
0,00
0,00
0,00
0,00
31,53
01/09/2022
65
266876
cliente balcão
0,00
0,00
4,56
0,00
0,00
0,00
0,00
0,00
0,00
0,00
0,00
0,00
0,00
0,00
4,56
01/09/2022
65
266877
cliente balcão
0,00
0,00
0,00
0,00
0,00
0,00
0,00
0,00
0,00
100,79
0,00
0,00
0,00
0,00
100,79
01/09/2022
65
266878
cliente balcão
345,39
0,00
0,00
0,00
0,00
0,00
0,00
0,00
0,00
0,00
0,00
0,00
0,00
0,00
345,39
01/09/2022
65
266879
cliente balcão
0,00
0,00
7,60
0,00
0,00
0,00
0,00
0,00
0,00
0,00
0,00
0,00
0,00
0,00
7,60
01/09/2022
55
87285
liliane batista de 
deus
0,00
0,00
0,00
0,00
0,00
0,00
0,00
0,00
0,00
0,00
0,00
597,55
0,00
0,00
597,55
01/09/2022
65
266880
cliente balcão
212,00
0,00
0,00
0,00
0,00
0,00
0,00
0,00
0,00
0,00
0,00
0,00
0,00
1,41
210,59
01/09/2022
65
266881
jose carlos 
baioco
0,00
0,00
0,00
0,00
0,00
0,00
0,00
0,00
0,00
0,00
0,00
24,70
0,00
0,00
24,70
01/09/2022
65
266882
cliente balcão
4,99
0,00
0,00
0,00
0,00
0,00
0,00
0,00
0,00
0,00
0,00
0,00
0,00
0,00
4,99
01/09/2022
65
266883
cliente balcão
20,00
0,00
0,00
0,00
0,00
0,00
0,00
0,00
0,00
0,00
0,00
0,00
0,00
8,22
11,78
01/09/2022
65
266884
cliente balcão
42,00
0,00
0,00
0,00
0,00
0,00
0,00
0,00
0,00
0,00
0,00
0,00
0,00
0,72
41,28
01/09/2022
65
266885
cliente balcão
5,00
0,00
0,00
0,00
0,00
0,00
0,00
0,00
0,00
0,00
0,00
0,00
0,00
1,67
3,33
01/09/2022
65
266886
cliente balcão
0,00
0,00
0,00
0,00
0,00
0,00
0,00
0,00
27,46
0,00
0,00
0,00
0,00
0,00
27,46
01/09/2022
65
266887
cliente balcão
10,00
0,00
0,00
0,00
0,00
0,00
0,00
0,00
0,00
0,00
0,00
0,00
0,00
0,00
10,00
01/09/2022
65
266888
cliente balcão
12,00
0,00
0,00
0,00
0,00
0,00
0,00
0,00
0,00
0,00
0,00
0,00
0,00
1,83
10,17
01/09/2022
65
266889
cliente balcão
0,00
0,00
0,00
0,00
0,00
0,00
0,00
0,00
6,56
0,00
0,00
0,00
0,00
0,00
6,56
01/09/2022
65
266890
cliente balcão
0,00
0,00
0,00
0,00
0,00
0,00
0,00
0,00
12,26
0,00
0,00
0,00
0,00
0,00
12,26
página 5 de 198
