sub total
multa
juros
descontos
total
dia do pagamento:
qtd
 - convênio de recebimento: 3147 - sicredi - recebimentos de 01/04/2023 até 30/04/2023
contas recebidas - resumido por dia do pagamento e plano de contas
umuarama clube
11.053,23
430,00
19,23
0,00
11.464,00
03/04/2023
33
430,00
mensalidade
19,23
8.413,23
0,00
8.824,00
31
0,00
venda de cota
0,00
2.640,00
0,00
2.640,00
2
6.727,38
160,00
26,38
0,00
6.861,00
04/04/2023
16
160,00
mensalidade
26,38
4.123,38
0,00
4.257,00
14
0,00
venda de cota
0,00
2.604,00
0,00
2.604,00
2
9.115,74
356,00
28,74
0,00
9.443,00
05/04/2023
29
356,00
mensalidade
28,74
7.813,74
0,00
8.141,00
28
0,00
venda de cota
0,00
1.302,00
0,00
1.302,00
1
12.503,22
609,00
39,22
0,00
13.073,00
06/04/2023
46
609,00
mensalidade
39,22
12.503,22
0,00
13.073,00
46
91.392,64
3.755,00
113,81
0,00
95.033,83
10/04/2023
289
0,00
aluguel de espacos
0,00
2.558,00
0,00
2.558,00
2
3.755,00
mensalidade
113,81
74.028,81
0,00
77.670,00
276
0,00
recuperacao de debito - prd
0,00
2.429,83
0,00
2.429,83
1
0,00
taxa de adesao
0,00
880,00
0,00
880,00
1
0,00
venda de cota
0,00
11.496,00
0,00
11.496,00
9
8.172,31
0,00
82,31
0,00
8.090,00
11/04/2023
25
0,00
mensalidade
55,84
6.843,84
0,00
6.788,00
24
0,00
venda de cota
26,47
1.328,47
0,00
1.302,00
1
5.600,38
34,00
50,38
0,00
5.584,00
12/04/2023
18
34,00
mensalidade
23,10
4.253,10
0,00
4.264,00
17
0,00
venda de cota
27,28
1.347,28
0,00
1.320,00
1
5.512,84
15,00
48,84
0,00
5.479,00
13/04/2023
12
15,00
mensalidade
22,37
2.882,37
0,00
2.875,00
10
0,00
venda de cota
26,47
2.630,47
0,00
2.604,00
2
7.056,80
0,00
9,80
0,00
7.047,00
14/04/2023
20
0,00
mensalidade
9,80
5.736,80
0,00
5.727,00
19
0,00
venda de cota
0,00
1.320,00
0,00
1.320,00
1
27.056,11
32,00
68,08
0,00
27.020,03
17/04/2023
78
32,00
mensalidade
68,08
22.902,08
0,00
22.866,00
75
0,00
recuperacao de debito - prd
0,00
1.532,03
0,00
1.532,03
1
0,00
venda de cota
0,00
2.622,00
0,00
2.622,00
2
4.742,58
15,00
76,58
0,00
4.681,00
18/04/2023
12
15,00
mensalidade
76,58
3.440,58
0,00
3.379,00
11
0,00
taxa de transferencia
0,00
1.302,00
0,00
1.302,00
1
2.517,78
17,00
46,78
0,00
2.488,00
19/04/2023
8
17,00
mensalidade
46,78
2.517,78
0,00
2.488,00
8
9.431,73
32,00
59,73
0,00
9.404,00
20/04/2023
18
32,00
mensalidade
59,73
4.187,73
0,00
4.160,00
14
0,00
venda de cota
0,00
5.244,00
0,00
5.244,00
4
3.563,76
15,00
81,76
0,00
3.497,00
24/04/2023
12
15,00
mensalidade
81,76
3.563,76
0,00
3.497,00
12
3.908,52
45,00
40,52
0,00
3.913,00
25/04/2023
9
45,00
mensalidade
40,52
2.606,52
0,00
2.611,00
8
0,00
venda de cota
0,00
1.302,00
0,00
1.302,00
1
4.081,21
0,00
103,21
0,00
3.978,00
26/04/2023
12
0,00
aluguel de espacos
5,62
230,62
0,00
225,00
1
0,00
mensalidade
70,75
2.503,75
0,00
2.433,00
10
0,00
venda de cota
26,84
1.346,84
0,00
1.320,00
1
2.112,48
34,00
39,48
0,00
2.107,00
27/04/2023
7
34,00
mensalidade
39,48
2.112,48
0,00
2.107,00
7
2.432,93
68,00
40,93
0,00
2.460,00
28/04/2023
8
68,00
mensalidade
40,93
2.432,93
0,00
2.460,00
8
221.622,86
0,00
975,78
5.617,00
216.981,64
total geral:
652
 - carla
realclub9 - 9.141.1631.3504
página 1 de 1
08/05/2023  13:50
