extrato de aplicações de cliente
período:  de 21/12/2022 a 31/05/2023
banco c6 s.a.
lua producoes e treinamentos ltda
cliente:
avenida adolpho de vasconcelos, 204
endereço:
rio de janeiro - rj
bl 1, apto 1010
barra da tijuca
1/203154444
ag/cta:
13/06/2023
cep: 22793380
data
saldo anterior
aplicação
rendimento resg/rep.juros
vlr irf
vlr iof
dif. resgate
saldo final
irf saldo
iof saldo
cdbpo 104% cdicetip
título:
04/01/2023
0,00
1.492,07
0,00
0,00
0,00
0,00
1.492,07
0,00
0,00
0,00
05/01/2023
1.492,07
0,00
0,78
0,00
0,00
0,00
1.492,85
0,00
0,00
0,75
06/01/2023
1.492,85
0,00
0,79
0,00
0,00
0,00
1.493,64
0,00
0,02
1,46
09/01/2023
1.493,64
0,00
0,79
0,00
0,00
0,00
1.494,43
0,00
0,09
1,96
10/01/2023
1.494,43
0,00
0,79
0,00
0,00
0,00
1.495,22
0,00
0,14
2,52
11/01/2023
1.495,22
0,00
0,79
0,00
0,00
0,00
1.496,01
0,00
0,21
2,99
12/01/2023
1.496,01
0,00
0,79
0,00
0,00
0,00
1.496,80
0,00
0,28
3,45
13/01/2023
1.496,80
0,00
0,79
0,00
0,00
0,00
1.497,59
0,00
0,37
3,86
16/01/2023
1.497,59
0,00
0,79
0,00
0,00
0,00
1.498,38
0,00
0,56
3,78
17/01/2023
1.498,38
0,00
0,79
0,00
0,00
0,00
1.499,17
0,00
0,70
3,98
18/01/2023
1.499,17
0,00
0,79
0,00
0,00
0,00
1.499,96
0,00
0,83
4,18
19/01/2023
1.499,96
0,00
0,80
0,00
0,00
0,00
1.500,76
0,00
0,97
4,34
20/01/2023
1.500,76
0,00
0,79
374,38
0,28
1,08
1.127,17
0,00
0,86
3,27
23/01/2023
1.127,17
0,00
0,59
0,00
0,00
0,00
1.127,76
0,00
1,11
2,77
24/01/2023
1.127,76
0,00
0,60
0,00
0,00
0,00
1.128,36
0,00
1,25
2,74
25/01/2023
1.128,36
0,00
0,59
0,00
0,00
0,00
1.128,95
0,00
1,40
2,67
26/01/2023
1.128,95
0,00
0,60
0,00
0,00
0,00
1.129,55
0,00
1,58
2,47
27/01/2023
1.129,55
0,00
0,60
0,00
0,00
0,00
1.130,15
0,00
1,74
2,32
30/01/2023
1.130,15
0,00
0,59
0,00
0,00
0,00
1.130,74
0,00
2,09
1,39
31/01/2023
1.130,74
0,00
0,60
0,00
0,00
0,00
1.131,34
0,00
2,28
1,12
01/02/2023
1.131,34
0,00
0,60
0,00
0,00
0,00
1.131,94
0,00
2,51
0,71
02/02/2023
1.131,94
0,00
0,60
0,00
0,00
0,00
1.132,54
0,00
2,72
0,37
03/02/2023
1.132,54
1.784,60
0,60
0,00
0,00
0,00
2.917,74
0,00
2,94
0,00
página: 1
banco c6 s.a. - av. nove de julho, 3186 - jardim paulista, sao paulo - sp. cep 01406-000
 bank
extrato de aplicações de cliente
período:  de 21/12/2022 a 31/05/2023
banco c6 s.a.
lua producoes e treinamentos ltda
cliente:
avenida adolpho de vasconcelos, 204
endereço:
rio de janeiro - rj
bl 1, apto 1010
barra da tijuca
1/203154444
ag/cta:
13/06/2023
cep: 22793380
data
saldo anterior
aplicação
rendimento resg/rep.juros
vlr irf
vlr iof
dif. resgate
saldo final
irf saldo
iof saldo
06/02/2023
2.917,74
0,00
1,53
0,00
0,00
0,00
2.919,27
0,00
3,09
0,84
07/02/2023
2.919,27
0,00
1,54
0,00
0,00
0,00
2.920,81
0,00
3,26
1,62
08/02/2023
2.920,81
0,00
1,54
0,00
0,00
0,00
2.922,35
0,00
3,44
2,34
09/02/2023
2.922,35
0,00
1,55
0,00
0,00
0,00
2.923,90
0,00
3,64
3,01
10/02/2023
2.923,90
0,00
1,54
0,00
0,00
0,00
2.925,44
0,00
3,86
3,58
13/02/2023
2.925,44
0,00
1,55
0,00
0,00
0,00
2.926,99
0,00
4,18
3,73
14/02/2023
2.926,99
0,00
1,54
0,00
0,00
0,00
2.928,53
0,00
4,43
4,16
15/02/2023
2.928,53
0,00
1,55
0,00
0,00
0,00
2.930,08
0,00
4,69
4,53
16/02/2023
2.930,08
0,00
1,55
0,00
0,00
0,00
2.931,63
0,00
4,99
4,76
17/02/2023
2.931,63
0,00
1,54
0,00
0,00
0,00
2.933,17
0,00
5,28
5,00
22/02/2023
2.933,17
0,00
1,56
0,00
0,00
0,00
2.934,73
0,00
5,92
3,74
23/02/2023
2.934,73
0,00
1,55
0,00
0,00
0,00
2.936,28
0,00
6,27
3,74
24/02/2023
2.936,28
0,00
1,55
0,00
0,00
0,00
2.937,83
0,00
6,63
3,68
27/02/2023
2.937,83
0,00
1,55
0,00
0,00
0,00
2.939,38
0,00
7,21
2,64
28/02/2023
2.939,38
0,00
1,56
0,00
0,00
0,00
2.940,94
0,00
7,65
2,27
01/03/2023
2.940,94
0,00
1,55
0,00
0,00
0,00
2.942,49
0,00
8,06
1,96
02/03/2023
2.942,49
0,00
1,55
0,00
0,00
0,00
2.944,04
0,00
8,49
1,60
03/03/2023
2.944,04
0,00
1,56
0,00
0,00
0,00
2.945,60
0,00
8,97
1,02
06/03/2023
2.945,60
0,00
1,55
0,00
0,00
0,00
2.947,15
0,00
9,55
0,00
07/03/2023
2.947,15
0,00
1,56
0,00
0,00
0,00
2.948,71
0,00
9,91
0,00
08/03/2023
2.948,71
0,00
1,55
0,00
0,00
0,00
2.950,26
0,00
10,25
0,00
09/03/2023
2.950,26
0,00
1,57
0,00
0,00
0,00
2.951,83
0,00
10,61
0,00
10/03/2023
2.951,83
0,00
1,55
0,00
0,00
0,00
2.953,38
0,00
10,96
0,00
13/03/2023
2.953,38
0,00
1,57
0,00
0,00
0,00
2.954,95
0,00
11,31
0,00
14/03/2023
2.954,95
0,00
1,55
0,00
0,00
0,00
2.956,50
0,00
11,66
0,00
página: 2
banco c6 s.a. - av. nove de julho, 3186 - jardim paulista, sao paulo - sp. cep 01406-000
 bank
extrato de aplicações de cliente
período:  de 21/12/2022 a 31/05/2023
banco c6 s.a.
lua producoes e treinamentos ltda
cliente:
avenida adolpho de vasconcelos, 204
endereço:
rio de janeiro - rj
bl 1, apto 1010
barra da tijuca
1/203154444
ag/cta:
13/06/2023
cep: 22793380
data
saldo anterior
aplicação
rendimento resg/rep.juros
vlr irf
vlr iof
dif. resgate
saldo final
irf saldo
iof saldo
15/03/2023
2.956,50
0,00
1,57
0,00
0,00
0,00
2.958,07
0,00
12,01
0,00
16/03/2023
2.958,07
0,00
1,56
0,00
0,00
0,00
2.959,63
0,00
12,36
0,00
17/03/2023
2.959,63
0,00
1,56
0,00
0,00
0,00
2.961,19
0,00
12,72
0,00
20/03/2023
2.961,19
0,00
1,56
0,00
0,00
0,00
2.962,75
0,00
13,06
0,00
21/03/2023
2.962,75
0,00
1,57
0,00
0,00
0,00
2.964,32
0,00
13,42
0,00
22/03/2023
2.964,32
0,00
1,57
0,00
0,00
0,00
2.965,89
0,00
13,77
0,00
23/03/2023
2.965,89
0,00
1,57
0,00
0,00
0,00
2.967,46
0,00
14,12
0,00
24/03/2023
2.967,46
0,00
1,56
0,00
0,00
0,00
2.969,02
0,00
14,47
0,00
27/03/2023
2.969,02
6.000,00
1,56
0,00
0,00
0,00
8.970,58
0,00
14,83
0,00
28/03/2023
8.970,58
0,00
4,73
0,00
0,00
0,00
8.975,31
0,00
15,21
3,04
29/03/2023
8.975,31
0,00
4,75
0,00
0,00
0,00
8.980,06
0,00
15,62
5,89
30/03/2023
8.980,06
0,00
4,75
0,00
0,00
0,00
8.984,81
0,00
16,10
8,56
31/03/2023
8.984,81
7.900,00
4,74
0,00
0,00
0,00
16.889,55
0,00
16,63
10,91
03/04/2023
16.889,55
0,00
8,92
0,00
0,00
0,00
16.898,47
0,00
17,53
15,80
04/04/2023
16.898,47
0,00
8,92
0,00
0,00
0,00
16.907,39
0,00
18,36
21,06
05/04/2023
16.907,39
0,00
8,93
0,00
0,00
0,00
16.916,32
0,00
19,26
25,94
06/04/2023
16.916,32
0,00
8,95
0,00
0,00
0,00
16.925,27
0,00
20,35
30,12
10/04/2023
16.925,27
0,00
8,93
2.321,64
14,67
0,00
14.612,56
0,00
7,95
28,92
11/04/2023
14.612,56
0,00
7,71
0,00
0,00
0,00
14.620,27
0,00
9,07
31,67
12/04/2023
14.620,27
0,00
7,73
0,00
0,00
0,00
14.628,00
0,00
10,37
33,62
13/04/2023
14.628,00
0,00
7,73
0,00
0,00
0,00
14.635,73
0,00
11,78
35,12
14/04/2023
14.635,73
0,00
7,73
0,00
0,00
0,00
14.643,46
0,00
13,20
36,47
17/04/2023
14.643,46
0,00
7,73
0,00
0,00
0,00
14.651,19
0,00
16,11
31,33
18/04/2023
14.651,19
0,00
7,74
1.216,54
4,54
1,13
13.442,38
-0,01
13,43
29,67
19/04/2023
13.442,38
0,00
7,09
0,00
0,00
0,00
13.449,47
0,00
15,24
28,71
página: 3
banco c6 s.a. - av. nove de julho, 3186 - jardim paulista, sao paulo - sp. cep 01406-000
 bank
