página: 0001 de 0001
emissão: 02/02/2023 08:46
cotone
civ - versão 2020.8.60 de 27/10/2022 11:14:48
vendas por formas de pagamento: 01/01/2023 a 31/01/2023
data
dinheiro
tef
cartão
 pos
cheque
crediário
crédito
troca
cart.
fidel.
vale
presente
cupom
desconto convênio
pix
transf.
bancária
totais
02/01/2023
168,98
48,99
217,97
03/01/2023
99,99
88,99
188,98
04/01/2023
310,97
99,99
410,96
05/01/2023
116,00
653,00
149,98
169,97
1.088,95
06/01/2023
885,96
885,96
07/01/2023
1.422,79
79,99
1.502,78
09/01/2023
234,99
309,99
644,47
82,00
294,99
1.566,44
10/01/2023
92,00
394,99
486,99
11/01/2023
9,99
1.437,79
152,00
48,00
1.647,78
12/01/2023
254,00
392,98
735,00
267,87
1.649,85
13/01/2023
1.737,91
1.737,91
14/01/2023
92,00
587,96
255,99
935,95
16/01/2023
421,00
372,98
292,99
1.086,97
17/01/2023
168,99
565,99
252,13
95,00
1.082,11
18/01/2023
272,99
272,99
19/01/2023
778,96
143,99
458,99
1.381,94
20/01/2023
287,00
321,96
149,99
397,64
1.156,59
21/01/2023
139,99
1.507,52
1.647,51
23/01/2023
90,00
881,72
1.184,48
2.156,20
24/01/2023
53,99
332,53
265,99
59,98
712,49
25/01/2023
45,99
34,19
325,70
405,88
26/01/2023
178,98
86,00
264,98
27/01/2023
193,99
600,96
59,99
854,94
28/01/2023
280,98
884,98
119,00
1.284,96
30/01/2023
274,98
59,99
55,00
389,97
31/01/2023
100,00
100,00
totais:
2.613,90
15.344,87
1.379,47
1.528,23
4.251,58
25.118,05
 varejo
